0 0.0198007  0.00826928 0.0100472 0.012025
0.01 0.0392073  0.0163734 0.0198933 0.0238085
0.02 0.0582257  0.0243141 0.0295401 0.0353519
0.03 0.0768619  0.0320933 0.0389894 0.0466569
0.04 0.0951214  0.0397127 0.0482431 0.0577247
0.05 0.11301  0.0471742 0.0573029 0.068557
0.06 0.130533  0.0544795 0.0661706 0.0791553
0.07 0.147696  0.0616303 0.0748481 0.0895209
0.08 0.164505  0.0686285 0.0833371 0.0996555
0.09 0.180965  0.0754757 0.0916394 0.109561
0.1 0.19708  0.0821737 0.0997567 0.119238
0.11 0.212858  0.0887241 0.107691 0.128688
0.12 0.228301  0.0951287 0.115444 0.137914
0.13 0.243417  0.101389 0.123016 0.146916
0.14 0.258209  0.107507 0.130411 0.155697
0.15 0.272682  0.113484 0.13763 0.164257
0.16 0.286842  0.119321 0.144674 0.172599
0.17 0.300693  0.125021 0.151546 0.180724
0.18 0.31424  0.130585 0.158246 0.188633
0.19 0.327488  0.136014 0.164776 0.196328
0.2 0.340441  0.141311 0.171139 0.203811
0.21 0.353103  0.146476 0.177336 0.211084
0.22 0.365481  0.151511 0.183368 0.218147
0.23 0.377576  0.156417 0.189238 0.225003
0.24 0.389395  0.161197 0.194946 0.231654
0.25 0.400942  0.165852 0.200495 0.2381
0.26 0.41222  0.170383 0.205886 0.244344
0.27 0.423234  0.174791 0.211121 0.250387
0.28 0.433987  0.179079 0.216201 0.256231
0.29 0.444485  0.183247 0.221127 0.261878
0.3 0.454732  0.187297 0.225903 0.267328
0.31 0.46473  0.19123 0.230529 0.272585
0.32 0.474484  0.195048 0.235006 0.277649
0.33 0.483998  0.198753 0.239336 0.282522
0.34 0.493276  0.202345 0.243522 0.287206
0.35 0.502321  0.205826 0.247564 0.291703
0.36 0.511138  0.209197 0.251463 0.296014
0.37 0.519729  0.21246 0.255223 0.300142
0.38 0.528099  0.215615 0.258843 0.304086
0.39 0.53625  0.218666 0.262326 0.307851
0.4 0.544187  0.221611 0.265672 0.311436
0.41 0.551914  0.224454 0.268885 0.314844
0.42 0.559432  0.227195 0.271964 0.318077
0.43 0.566746  0.229835 0.274912 0.321136
0.44 0.57386  0.232376 0.27773 0.324023
0.45 0.580775  0.234819 0.280419 0.32674
0.46 0.587496  0.237165 0.282982 0.329289
0.47 0.594026  0.239415 0.285419 0.33167
0.48 0.600368  0.241572 0.287731 0.333886
0.49 0.606525  0.243635 0.289921 0.33594
0.5 0.6125  0.245606 0.29199 0.337831
0.51 0.618296  0.247486 0.293939 0.339563
0.52 0.623916  0.249277 0.295769 0.341136
0.53 0.629363  0.250979 0.297482 0.342553
0.54 0.63464  0.252594 0.29908 0.343816
0.55 0.639749  0.254123 0.300564 0.344926
0.56 0.644694  0.255567 0.301934 0.345884
0.57 0.649477  0.256927 0.303194 0.346693
0.58 0.654101  0.258204 0.304343 0.347355
0.59 0.658569  0.259399 0.305383 0.34787
0.6 0.662883  0.260514 0.306316 0.348242
0.61 0.667046  0.261549 0.307143 0.348471
0.62 0.671061  0.262506 0.307866 0.348559
0.63 0.67493  0.263385 0.308484 0.348509
0.64 0.678655  0.264188 0.309001 0.348321
0.65 0.682239  0.264916 0.309418 0.347998
0.66 0.685685  0.265569 0.309734 0.347541
0.67 0.688995  0.266149 0.309953 0.346953
0.68 0.692171  0.266657 0.310075 0.346234
0.69 0.695215  0.267094 0.310101 0.345387
0.7 0.698131  0.26746 0.310033 0.344413
0.71 0.700919  0.267757 0.309872 0.343314
0.72 0.703583  0.267985 0.309619 0.342092
0.73 0.706125  0.268147 0.309276 0.340749
0.74 0.708546  0.268241 0.308843 0.339285
0.75 0.710849  0.268271 0.308323 0.337704
0.76 0.713037  0.268236 0.307716 0.336007
0.77 0.71511  0.268137 0.307023 0.334195
0.78 0.717072  0.267975 0.306246 0.332271
0.79 0.718923  0.267752 0.305385 0.330235
0.8 0.720667  0.267468 0.304443 0.32809
0.81 0.722305  0.267123 0.30342 0.325838
0.82 0.723839  0.26672 0.302318 0.323479
0.83 0.725271  0.266258 0.301137 0.321017
0.84 0.726603  0.265739 0.299879 0.318452
0.85 0.727836  0.265164 0.298544 0.315786
0.86 0.728973  0.264533 0.297135 0.313021
0.87 0.730016  0.263846 0.295653 0.310159
0.88 0.730965  0.263106 0.294097 0.307201
0.89 0.731823  0.262313 0.29247 0.30415
0.9 0.732592  0.261467 0.290773 0.301006
0.91 0.733273  0.26057 0.289007 0.297771
0.92 0.733868  0.259622 0.287172 0.294448
0.93 0.734379  0.258624 0.285271 0.291038
0.94 0.734807  0.257577 0.283303 0.287542
0.95 0.735153  0.256482 0.281271 0.283962
0.96 0.73542  0.255338 0.279175 0.2803
0.97 0.735609  0.254148 0.277016 0.276557
0.98 0.735721  0.252912 0.274796 0.272736
0.99 0.735758  0.25163 0.272515 0.268837
1 0.735722  0.250304 0.270175 0.264863
1.01 0.735613  0.248934 0.267776 0.260815
1.02 0.735434  0.247521 0.26532 0.256695
1.03 0.735185  0.246065 0.262808 0.252504
1.04 0.734869  0.244567 0.26024 0.248244
1.05 0.734486  0.243028 0.257618 0.243917
1.06 0.734038  0.241449 0.254942 0.239524
1.07 0.733526  0.239831 0.252214 0.235066
1.08 0.732952  0.238173 0.249435 0.230547
1.09 0.732317  0.236477 0.246606 0.225966
1.1 0.731621  0.234743 0.243727 0.221326
1.11 0.730867  0.232972 0.2408 0.216627
1.12 0.730056  0.231165 0.237825 0.211873
1.13 0.729188  0.229322 0.234804 0.207064
1.14 0.728266  0.227445 0.231738 0.202202
1.15 0.727289  0.225532 0.228627 0.197288
1.16 0.72626  0.223586 0.225472 0.192325
1.17 0.725179  0.221607 0.222275 0.187313
1.18 0.724048  0.219595 0.219036 0.182254
1.19 0.722868  0.217552 0.215756 0.177149
1.2 0.721639  0.215476 0.212436 0.172001
1.21 0.720363  0.213371 0.209077 0.16681
1.22 0.719042  0.211235 0.205681 0.161579
1.23 0.717675  0.209069 0.202247 0.156308
1.24 0.716264  0.206874 0.198776 0.150999
1.25 0.71481  0.204651 0.19527 0.145654
1.26 0.713315  0.2024 0.19173 0.140274
1.27 0.711778  0.200122 0.188156 0.13486
1.28 0.710201  0.197817 0.184549 0.129415
1.29 0.708585  0.195486 0.18091 0.123939
1.3 0.706931  0.193129 0.17724 0.118434
1.31 0.70524  0.190747 0.17354 0.112901
1.32 0.703512  0.188341 0.16981 0.107342
1.33 0.701749  0.18591 0.166051 0.101758
1.34 0.699952  0.183456 0.162265 0.0961503
1.35 0.69812  0.180979 0.158452 0.0905209
1.36 0.696256  0.178479 0.154612 0.0848708
1.37 0.69436  0.175957 0.150747 0.0792014
1.38 0.692433  0.173414 0.146858 0.0735142
1.39 0.690475  0.170849 0.142945 0.0678104
1.4 0.688488  0.168264 0.139008 0.0620914
1.41 0.686472  0.165659 0.13505 0.0563586
1.42 0.684427  0.163035 0.13107 0.0506133
1.43 0.682356  0.160391 0.127069 0.0448568
1.44 0.680258  0.157729 0.123048 0.0390905
1.45 0.678134  0.155048 0.119008 0.0333156
1.46 0.675985  0.15235 0.11495 0.0275334
1.47 0.673812  0.149634 0.110873 0.0217453
1.48 0.671615  0.146902 0.10678 0.0159524
1.49 0.669395  0.144153 0.102671 0.0101561
1.5 0.667153  0.141388 0.0985455 0.00435767
1.51 0.664889  0.138608 0.0944056 -0.00144173
1.52 0.662604  0.135813 0.0902515 -0.00724081
1.53 0.660299  0.133002 0.086084 -0.0130384
1.54 0.657974  0.130178 0.0819037 -0.0188332
1.55 0.655629  0.12734 0.0777113 -0.024624
1.56 0.653267  0.124488 0.0735076 -0.0304097
1.57 0.650886  0.121623 0.0692931 -0.0361891
1.58 0.648489  0.118746 0.0650687 -0.0419609
1.59 0.646074  0.115856 0.0608348 -0.0477241
1.6 0.643643  0.112955 0.0565922 -0.0534774
1.61 0.641197  0.110041 0.0523416 -0.0592198
1.62 0.638736  0.107117 0.0480835 -0.06495
1.63 0.63626  0.104182 0.0438187 -0.070667
1.64 0.63377  0.101237 0.0395477 -0.0763697
1.65 0.631267  0.098282 0.0352712 -0.0820569
1.66 0.628751  0.0953172 0.0309898 -0.0877276
1.67 0.626222  0.0923431 0.0267041 -0.0933807
1.68 0.623682  0.0893601 0.0224148 -0.0990151
1.69 0.62113  0.0863685 0.0181224 -0.10463
1.7 0.618567  0.0833687 0.0138275 -0.110224
1.71 0.615994  0.0803611 0.00953076 -0.115796
1.72 0.61341  0.0773459 0.00523274 -0.121345
1.73 0.610817  0.0743235 0.000934018 -0.12687
1.74 0.608215  0.0712943 -0.00336483 -0.132371
1.75 0.605604  0.0682585 -0.00766323 -0.137845
1.76 0.602985  0.0652165 -0.0119606 -0.143293
1.77 0.600358  0.0621686 -0.0162564 -0.148713
1.78 0.597724  0.0591151 -0.0205501 -0.154104
1.79 0.595082  0.0560564 -0.0248412 -0.159466
1.8 0.592435  0.0529926 -0.029129 -0.164797
1.81 0.58978  0.0499243 -0.033413 -0.170096
1.82 0.58712  0.0468515 -0.0376928 -0.175363
1.83 0.584455  0.0437747 -0.0419678 -0.180596
1.84 0.581784  0.0406942 -0.0462374 -0.185795
1.85 0.579109  0.0376101 -0.0505012 -0.190959
1.86 0.576429  0.0345229 -0.0547586 -0.196087
1.87 0.573746  0.0314327 -0.0590092 -0.201179
1.88 0.571058  0.0283399 -0.0632524 -0.206232
1.89 0.568368  0.0252448 -0.0674878 -0.211247
1.9 0.565674  0.0221475 -0.0717148 -0.216223
1.91 0.562978  0.0190485 -0.0759331 -0.221158
1.92 0.560279  0.0159478 -0.080142 -0.226053
1.93 0.557578  0.0128459 -0.0843411 -0.230905
1.94 0.554876  0.00974298 -0.08853 -0.235716
1.95 0.552172  0.00663926 -0.0927082 -0.240483
1.96 0.549467  0.00353501 -0.0968753 -0.245205
1.97 0.546761  0.000430482 -0.101031 -0.249884
1.98 0.544055  -0.00267408 -0.105174 -0.254516
1.99 0.541348  -0.00577844 -0.109305 -0.259103
2 0.538642  -0.00888234 -0.113423 -0.263642
2.01 0.535935  -0.0119856 -0.117528 -0.268134
2.02 0.53323  -0.0150879 -0.121618 -0.272578
2.03 0.530525  -0.018189 -0.125695 -0.276973
2.04 0.527821  -0.0212888 -0.129757 -0.281318
2.05 0.525118  -0.024387 -0.133804 -0.285613
2.06 0.522417  -0.0274834 -0.137836 -0.289857
2.07 0.519717  -0.0305777 -0.141851 -0.294049
2.08 0.51702  -0.0336698 -0.145851 -0.29819
2.09 0.514325  -0.0367594 -0.149834 -0.302278
2.1 0.511632  -0.0398464 -0.153799 -0.306312
2.11 0.508942  -0.0429305 -0.157748 -0.310293
2.12 0.506255  -0.0460115 -0.161679 -0.314219
2.13 0.50357  -0.0490892 -0.165591 -0.31809
2.14 0.50089  -0.0521634 -0.169485 -0.321906
2.15 0.498212  -0.055234 -0.17336 -0.325665
2.16 0.495539  -0.0583007 -0.177216 -0.329369
2.17 0.492869  -0.0613633 -0.181053 -0.333015
2.18 0.490203  -0.0644217 -0.184869 -0.336603
2.19 0.487542  -0.0674756 -0.188665 -0.340134
2.2 0.484885  -0.070525 -0.192441 -0.343606
2.21 0.482232  -0.0735695 -0.196196 -0.347019
2.22 0.479585  -0.0766091 -0.199929 -0.350373
2.23 0.476942  -0.0796436 -0.203641 -0.353667
2.24 0.474304  -0.0826727 -0.207331 -0.3569
2.25 0.471672  -0.0856963 -0.210998 -0.360074
2.26 0.469045  -0.0887143 -0.214643 -0.363186
2.27 0.466424  -0.0917265 -0.218266 -0.366236
2.28 0.463808  -0.0947327 -0.221865 -0.369225
2.29 0.461199  -0.0977328 -0.225441 -0.372152
2.3 0.458595  -0.100727 -0.228993 -0.375016
2.31 0.455997  -0.103714 -0.232521 -0.377817
2.32 0.453406  -0.106695 -0.236024 -0.380555
2.33 0.450821  -0.109669 -0.239504 -0.38323
2.34 0.448243  -0.112636 -0.242958 -0.38584
2.35 0.445671  -0.115596 -0.246387 -0.388387
2.36 0.443107  -0.118549 -0.249791 -0.390869
2.37 0.440549  -0.121494 -0.253169 -0.393287
2.38 0.437998  -0.124432 -0.256521 -0.39564
2.39 0.435454  -0.127363 -0.259847 -0.397927
2.4 0.432918  -0.130285 -0.263147 -0.400149
2.41 0.430389  -0.1332 -0.26642 -0.402306
2.42 0.427867  -0.136107 -0.269666 -0.404396
2.43 0.425353  -0.139006 -0.272885 -0.406421
2.44 0.422846  -0.141896 -0.276077 -0.408379
2.45 0.420348  -0.144778 -0.279241 -0.410271
2.46 0.417857  -0.147652 -0.282377 -0.412097
2.47 0.415374  -0.150516 -0.285485 -0.413855
2.48 0.4129  -0.153373 -0.288565 -0.415547
2.49 0.410433  -0.15622 -0.291617 -0.417171
2.5 0.407974  -0.159058 -0.29464 -0.418729
2.51 0.405524  -0.161888 -0.297634 -0.420219
2.52 0.403082  -0.164708 -0.300598 -0.421642
2.53 0.400649  -0.167518 -0.303534 -0.422997
2.54 0.398224  -0.17032 -0.30644 -0.424285
2.55 0.395808  -0.173112 -0.309317 -0.425505
2.56 0.3934  -0.175894 -0.312164 -0.426657
2.57 0.391002  -0.178666 -0.31498 -0.427741
2.58 0.388612  -0.181429 -0.317767 -0.428758
2.59 0.38623  -0.184182 -0.320523 -0.429707
2.6 0.383858  -0.186925 -0.323249 -0.430588
2.61 0.381495  -0.189657 -0.325944 -0.431401
2.62 0.37914  -0.19238 -0.328608 -0.432146
2.63 0.376795  -0.195092 -0.331241 -0.432823
2.64 0.374459  -0.197794 -0.333844 -0.433433
2.65 0.372132  -0.200485 -0.336414 -0.433974
2.66 0.369814  -0.203166 -0.338954 -0.434448
2.67 0.367506  -0.205836 -0.341461 -0.434854
2.68 0.365207  -0.208495 -0.343937 -0.435193
2.69 0.362917  -0.211144 -0.346381 -0.435463
2.7 0.360637  -0.213781 -0.348794 -0.435667
2.71 0.358366  -0.216408 -0.351174 -0.435802
2.72 0.356105  -0.219024 -0.353521 -0.435871
2.73 0.353853  -0.221629 -0.355837 -0.435872
2.74 0.351611  -0.224222 -0.35812 -0.435806
2.75 0.349378  -0.226804 -0.36037 -0.435673
2.76 0.347155  -0.229375 -0.362588 -0.435473
2.77 0.344941  -0.231935 -0.364773 -0.435207
2.78 0.342738  -0.234483 -0.366925 -0.434873
2.79 0.340544  -0.237019 -0.369043 -0.434474
2.8 0.338359  -0.239544 -0.371129 -0.434008
2.81 0.336185  -0.242058 -0.373182 -0.433476
2.82 0.33402  -0.244559 -0.375201 -0.432879
2.83 0.331865  -0.247049 -0.377187 -0.432215
2.84 0.32972  -0.249527 -0.37914 -0.431486
2.85 0.327584  -0.251993 -0.381059 -0.430692
2.86 0.325459  -0.254447 -0.382944 -0.429833
2.87 0.323343  -0.25689 -0.384796 -0.428909
2.88 0.321237  -0.25932 -0.386613 -0.427921
2.89 0.319142  -0.261738 -0.388397 -0.426868
2.9 0.317056  -0.264144 -0.390148 -0.425751
2.91 0.31498  -0.266537 -0.391864 -0.424571
2.92 0.312913  -0.268919 -0.393546 -0.423327
2.93 0.310857  -0.271288 -0.395194 -0.422019
2.94 0.308811  -0.273645 -0.396808 -0.420649
2.95 0.306775  -0.27599 -0.398388 -0.419217
2.96 0.304748  -0.278322 -0.399934 -0.417722
2.97 0.302732  -0.280641 -0.401445 -0.416165
2.98 0.300725  -0.282948 -0.402922 -0.414546
2.99 0.298729  -0.285243 -0.404365 -0.412866
3 0.296742  -0.287525 -0.405774 -0.411125
3.01 0.294766  -0.289794 -0.407148 -0.409324
3.02 0.292799  -0.292051 -0.408488 -0.407462
3.03 0.290843  -0.294295 -0.409793 -0.40554
3.04 0.288896  -0.296526 -0.411064 -0.403559
3.05 0.286959  -0.298745 -0.4123 -0.401518
3.06 0.285032  -0.30095 -0.413502 -0.399419
3.07 0.283115  -0.303143 -0.414669 -0.397261
3.08 0.281208  -0.305323 -0.415802 -0.395046
3.09 0.279311  -0.307491 -0.4169 -0.392773
3.1 0.277424  -0.309645 -0.417964 -0.390442
3.11 0.275547  -0.311786 -0.418994 -0.388055
3.12 0.273679  -0.313915 -0.419988 -0.385612
3.13 0.271822  -0.31603 -0.420949 -0.383112
3.14 0.269974  -0.318133 -0.421874 -0.380558
3.15 0.268137  -0.320222 -0.422766 -0.377948
3.16 0.266309  -0.322299 -0.423622 -0.375284
3.17 0.264491  -0.324362 -0.424445 -0.372565
3.18 0.262682  -0.326412 -0.425232 -0.369793
3.19 0.260884  -0.328449 -0.425986 -0.366968
3.2 0.259095  -0.330473 -0.426705 -0.36409
3.21 0.257316  -0.332484 -0.427389 -0.36116
3.22 0.255547  -0.334482 -0.42804 -0.358179
3.23 0.253788  -0.336467 -0.428656 -0.355146
3.24 0.252038  -0.338438 -0.429237 -0.352062
3.25 0.250298  -0.340396 -0.429785 -0.348928
3.26 0.248567  -0.342341 -0.430298 -0.345745
3.27 0.246847  -0.344273 -0.430777 -0.342512
3.28 0.245136  -0.346192 -0.431221 -0.339231
3.29 0.243434  -0.348097 -0.431632 -0.335902
3.3 0.241742  -0.349989 -0.432009 -0.332525
3.31 0.24006  -0.351868 -0.432351 -0.329101
3.32 0.238387  -0.353733 -0.43266 -0.32563
3.33 0.236724  -0.355586 -0.432935 -0.322114
3.34 0.23507  -0.357425 -0.433176 -0.318552
3.35 0.233426  -0.359251 -0.433383 -0.314945
3.36 0.231791  -0.361063 -0.433556 -0.311294
3.37 0.230166  -0.362862 -0.433696 -0.3076
3.38 0.228549  -0.364648 -0.433802 -0.303862
3.39 0.226943  -0.366421 -0.433875 -0.300082
3.4 0.225346  -0.36818 -0.433914 -0.296259
3.41 0.223758  -0.369926 -0.43392 -0.292396
3.42 0.222179  -0.371659 -0.433893 -0.288491
3.43 0.220609  -0.373379 -0.433832 -0.284547
3.44 0.219049  -0.375085 -0.433738 -0.280562
3.45 0.217498  -0.376778 -0.433611 -0.276539
3.46 0.215956  -0.378457 -0.433451 -0.272478
3.47 0.214424  -0.380124 -0.433258 -0.268378
3.48 0.2129  -0.381777 -0.433033 -0.264242
3.49 0.211386  -0.383417 -0.432774 -0.260068
3.5 0.20988  -0.385043 -0.432483 -0.255859
3.51 0.208384  -0.386657 -0.43216 -0.251615
3.52 0.206897  -0.388257 -0.431804 -0.247336
3.53 0.205418  -0.389843 -0.431415 -0.243023
3.54 0.203949  -0.391417 -0.430995 -0.238676
3.55 0.202488  -0.392977 -0.430542 -0.234297
3.56 0.201036  -0.394525 -0.430057 -0.229885
3.57 0.199594  -0.396059 -0.42954 -0.225442
3.58 0.198159  -0.397579 -0.428991 -0.220969
3.59 0.196734  -0.399087 -0.428411 -0.216465
3.6 0.195318  -0.400581 -0.427799 -0.211931
3.61 0.19391  -0.402063 -0.427155 -0.207368
3.62 0.192511  -0.403531 -0.42648 -0.202778
3.63 0.19112  -0.404986 -0.425774 -0.198159
3.64 0.189738  -0.406428 -0.425037 -0.193514
3.65 0.188365  -0.407857 -0.424268 -0.188842
3.66 0.187  -0.409272 -0.423469 -0.184145
3.67 0.185644  -0.410675 -0.422638 -0.179423
3.68 0.184296  -0.412065 -0.421777 -0.174676
3.69 0.182957  -0.413441 -0.420886 -0.169906
3.7 0.181626  -0.414805 -0.419964 -0.165113
3.71 0.180303  -0.416155 -0.419011 -0.160298
3.72 0.178989  -0.417493 -0.418029 -0.155461
3.73 0.177683  -0.418817 -0.417016 -0.150603
3.74 0.176385  -0.420129 -0.415974 -0.145725
3.75 0.175096  -0.421428 -0.414901 -0.140827
3.76 0.173815  -0.422713 -0.4138 -0.13591
3.77 0.172542  -0.423986 -0.412668 -0.130976
3.78 0.171277  -0.425246 -0.411507 -0.126023
3.79 0.17002  -0.426494 -0.410317 -0.121054
3.8 0.168771  -0.427728 -0.409098 -0.116068
3.81 0.16753  -0.428949 -0.40785 -0.111068
3.82 0.166297  -0.430158 -0.406573 -0.106052
3.83 0.165073  -0.431354 -0.405267 -0.101022
3.84 0.163856  -0.432538 -0.403933 -0.0959786
3.85 0.162647  -0.433708 -0.402571 -0.0909225
3.86 0.161445  -0.434866 -0.40118 -0.0858543
3.87 0.160252  -0.436011 -0.399761 -0.0807748
3.88 0.159066  -0.437144 -0.398314 -0.0756845
3.89 0.157888  -0.438264 -0.39684 -0.0705842
3.9 0.156718  -0.439371 -0.395338 -0.0654746
3.91 0.155555  -0.440466 -0.393808 -0.0603563
3.92 0.1544  -0.441548 -0.392251 -0.05523
3.93 0.153253  -0.442618 -0.390668 -0.0500965
3.94 0.152113  -0.443675 -0.389057 -0.0449563
3.95 0.150981  -0.44472 -0.387419 -0.0398103
3.96 0.149856  -0.445753 -0.385754 -0.034659
3.97 0.148738  -0.446773 -0.384064 -0.0295031
3.98 0.147628  -0.44778 -0.382346 -0.0243434
3.99 0.146526  -0.448776 -0.380603 -0.0191805
4 0.14543  -0.449759 -0.378834 -0.014015
4.01 0.144342  -0.450729 -0.377039 -0.00884775
4.02 0.143261  -0.451688 -0.375218 -0.00367932
4.03 0.142188  -0.452634 -0.373371 0.00148958
4.04 0.141121  -0.453568 -0.3715 0.0066583
4.05 0.140062  -0.45449 -0.369603 0.0118261
4.06 0.13901  -0.4554 -0.367681 0.0169924
4.07 0.137965  -0.456297 -0.365735 0.0221565
4.08 0.136927  -0.457183 -0.363764 0.0273177
4.09 0.135896  -0.458056 -0.361768 0.0324754
4.1 0.134872  -0.458918 -0.359748 0.0376289
4.11 0.133854  -0.459767 -0.357704 0.0427774
4.12 0.132844  -0.460605 -0.355637 0.0479204
4.13 0.131841  -0.461431 -0.353545 0.0530573
4.14 0.130844  -0.462244 -0.35143 0.0581872
4.15 0.129854  -0.463046 -0.349292 0.0633097
4.16 0.128871  -0.463836 -0.34713 0.0684239
4.17 0.127895  -0.464615 -0.344945 0.0735294
4.18 0.126925  -0.465381 -0.342738 0.0786253
4.19 0.125962  -0.466136 -0.340508 0.0837112
4.2 0.125005  -0.466879 -0.338255 0.0887862
4.21 0.124055  -0.467611 -0.335981 0.0938499
4.22 0.123112  -0.468331 -0.333684 0.0989015
4.23 0.122175  -0.469039 -0.331365 0.10394
4.24 0.121244  -0.469736 -0.329025 0.108966
4.25 0.12032  -0.470421 -0.326663 0.113978
4.26 0.119403  -0.471095 -0.32428 0.118975
4.27 0.118491  -0.471758 -0.321875 0.123957
4.28 0.117586  -0.472409 -0.31945 0.128922
4.29 0.116688  -0.473048 -0.317004 0.133872
4.3 0.115795  -0.473677 -0.314538 0.138805
4.31 0.114909  -0.474294 -0.312051 0.143719
4.32 0.114029  -0.474899 -0.309544 0.148616
4.33 0.113155  -0.475494 -0.307017 0.153493
4.34 0.112287  -0.476077 -0.30447 0.158351
4.35 0.111425  -0.476649 -0.301904 0.163189
4.36 0.110569  -0.477211 -0.299318 0.168007
4.37 0.109719  -0.477761 -0.296713 0.172803
4.38 0.108876  -0.4783 -0.294089 0.177577
4.39 0.108038  -0.478828 -0.291447 0.182328
4.4 0.107206  -0.479345 -0.288786 0.187057
4.41 0.106379  -0.479851 -0.286106 0.191761
4.42 0.105559  -0.480346 -0.283408 0.196442
4.43 0.104745  -0.48083 -0.280693 0.201098
4.44 0.103936  -0.481304 -0.277959 0.205728
4.45 0.103133  -0.481767 -0.275208 0.210333
4.46 0.102335  -0.482219 -0.27244 0.214911
4.47 0.101544  -0.48266 -0.269654 0.219462
4.48 0.100758  -0.483091 -0.266852 0.223986
4.49 0.0999771  -0.483511 -0.264032 0.228481
4.5 0.0992021  -0.48392 -0.261196 0.232948
4.51 0.0984327  -0.484319 -0.258344 0.237385
4.52 0.0976687  -0.484708 -0.255476 0.241793
4.53 0.0969102  -0.485085 -0.252592 0.246171
4.54 0.0961571  -0.485453 -0.249691 0.250517
4.55 0.0954095  -0.48581 -0.246776 0.254833
4.56 0.0946671  -0.486157 -0.243845 0.259116
4.57 0.0939301  -0.486494 -0.240899 0.263368
4.58 0.0931984  -0.48682 -0.237938 0.267586
4.59 0.092472  -0.487136 -0.234962 0.271771
4.6 0.0917507  -0.487442 -0.231972 0.275922
4.61 0.0910347  -0.487737 -0.228967 0.280039
4.62 0.0903238  -0.488023 -0.225948 0.284121
4.63 0.0896181  -0.488298 -0.222916 0.288168
4.64 0.0889174  -0.488564 -0.21987 0.292179
4.65 0.0882219  -0.488819 -0.21681 0.296154
4.66 0.0875313  -0.489065 -0.213737 0.300092
4.67 0.0868458  -0.4893 -0.210651 0.303993
4.68 0.0861652  -0.489526 -0.207552 0.307856
4.69 0.0854896  -0.489742 -0.204441 0.311681
4.7 0.0848189  -0.489948 -0.201317 0.315468
4.71 0.0841531  -0.490144 -0.19818 0.319215
4.72 0.0834921  -0.490331 -0.195032 0.322924
4.73 0.0828359  -0.490508 -0.191872 0.326592
4.74 0.0821845  -0.490675 -0.1887 0.330221
4.75 0.0815379  -0.490833 -0.185517 0.333808
4.76 0.080896  -0.490981 -0.182323 0.337355
4.77 0.0802588  -0.49112 -0.179118 0.34086
4.78 0.0796263  -0.491249 -0.175902 0.344323
4.79 0.0789984  -0.491369 -0.172675 0.347744
4.8 0.0783752  -0.49148 -0.169439 0.351122
4.81 0.0777565  -0.491581 -0.166191 0.354457
4.82 0.0771423  -0.491672 -0.162935 0.357749
4.83 0.0765327  -0.491755 -0.159668 0.360997
4.84 0.0759275  -0.491828 -0.156392 0.3642
4.85 0.0753269  -0.491892 -0.153106 0.36736
4.86 0.0747306  -0.491947 -0.149811 0.370474
4.87 0.0741388  -0.491993 -0.146508 0.373543
4.88 0.0735513  -0.49203 -0.143196 0.376567
4.89 0.0729682  -0.492057 -0.139875 0.379544
4.9 0.0723894  -0.492076 -0.136546 0.382476
4.91 0.0718149  -0.492086 -0.133209 0.385361
4.92 0.0712446  -0.492087 -0.129864 0.388198
4.93 0.0706786  -0.492079 -0.126512 0.390989
4.94 0.0701168  -0.492062 -0.123152 0.393732
4.95 0.0695592  -0.492037 -0.119785 0.396428
4.96 0.0690057  -0.492002 -0.116411 0.399075
4.97 0.0684563  -0.49196 -0.11303 0.401674
4.98 0.0679111  -0.491908 -0.109642 0.404224
4.99 0.0673699  -0.491848 -0.106248 0.406725
5 0.0668327  -0.491779 -0.102848 0.409177
5.01 0.0662996  -0.491701 -0.0994417 0.41158
5.02 0.0657705  -0.491616 -0.0960297 0.413933
5.03 0.0652453  -0.491521 -0.0926122 0.416235
5.04 0.064724  -0.491418 -0.0891893 0.418488
5.05 0.0642067  -0.491307 -0.0857613 0.42069
5.06 0.0636932  -0.491188 -0.0823282 0.422841
5.07 0.0631836  -0.49106 -0.0788905 0.424942
5.08 0.0626778  -0.490924 -0.0754482 0.426991
5.09 0.0621759  -0.49078 -0.0720015 0.428989
5.1 0.0616777  -0.490628 -0.0685507 0.430935
5.11 0.0611833  -0.490467 -0.065096 0.43283
5.12 0.0606926  -0.490298 -0.0616375 0.434672
5.13 0.0602056  -0.490122 -0.0581755 0.436462
5.14 0.0597222  -0.489937 -0.0547102 0.4382
5.15 0.0592426  -0.489744 -0.0512417 0.439886
5.16 0.0587665  -0.489544 -0.0477704 0.441519
5.17 0.0582941  -0.489335 -0.0442963 0.443099
5.18 0.0578252  -0.489119 -0.0408197 0.444626
5.19 0.0573599  -0.488895 -0.0373407 0.446099
5.2 0.0568981  -0.488663 -0.0338597 0.44752
5.21 0.0564399  -0.488423 -0.0303767 0.448887
5.22 0.0559851  -0.488176 -0.026892 0.4502
5.23 0.0555337  -0.487921 -0.0234058 0.45146
5.24 0.0550858  -0.487658 -0.0199183 0.452666
5.25 0.0546414  -0.487388 -0.0164296 0.453818
5.26 0.0542002  -0.48711 -0.01294 0.454916
5.27 0.0537625  -0.486825 -0.00944972 0.45596
5.28 0.0533281  -0.486533 -0.00595888 0.456949
5.29 0.052897  -0.486232 -0.00246771 0.457885
5.3 0.0524692  -0.485925 0.0010236 0.458765
5.31 0.0520447  -0.48561 0.00451486 0.459592
5.32 0.0516234  -0.485288 0.00800586 0.460364
5.33 0.0512054  -0.484959 0.0114964 0.461081
5.34 0.0507905  -0.484622 0.0149863 0.461744
5.35 0.0503789  -0.484278 0.0184754 0.462352
5.36 0.0499704  -0.483927 0.0219635 0.462905
5.37 0.049565  -0.483569 0.0254503 0.463404
5.38 0.0491627  -0.483204 0.0289357 0.463848
5.39 0.0487636  -0.482832 0.0324195 0.464237
5.4 0.0483675  -0.482453 0.0359016 0.464571
5.41 0.0479744  -0.482067 0.0393816 0.464851
5.42 0.0475844  -0.481674 0.0428595 0.465075
5.43 0.0471974  -0.481274 0.046335 0.465245
5.44 0.0468134  -0.480867 0.0498079 0.46536
5.45 0.0464323  -0.480454 0.0532781 0.46542
5.46 0.0460542  -0.480034 0.0567454 0.465426
5.47 0.045679  -0.479607 0.0602096 0.465376
5.48 0.0453067  -0.479173 0.0636705 0.465272
5.49 0.0449373  -0.478733 0.0671279 0.465114
5.5 0.0445707  -0.478286 0.0705816 0.4649
5.51 0.044207  -0.477832 0.0740315 0.464633
5.52 0.0438461  -0.477372 0.0774773 0.46431
5.53 0.043488  -0.476906 0.080919 0.463934
5.54 0.0431326  -0.476433 0.0843562 0.463503
5.55 0.0427801  -0.475954 0.0877888 0.463017
5.56 0.0424302  -0.475468 0.0912167 0.462478
5.57 0.0420831  -0.474976 0.0946396 0.461884
5.58 0.0417387  -0.474477 0.0980574 0.461237
5.59 0.041397  -0.473973 0.10147 0.460535
5.6 0.0410579  -0.473462 0.104877 0.45978
5.61 0.0407215  -0.472945 0.108278 0.458971
5.62 0.0403877  -0.472421 0.111674 0.458109
5.63 0.0400565  -0.471892 0.115063 0.457193
5.64 0.0397279  -0.471356 0.118447 0.456224
5.65 0.0394018  -0.470815 0.121824 0.455202
5.66 0.0390783  -0.470267 0.125194 0.454127
5.67 0.0387574  -0.469714 0.128558 0.452999
5.68 0.0384389  -0.469154 0.131915 0.451819
5.69 0.0381229  -0.468589 0.135265 0.450586
5.7 0.0378094  -0.468018 0.138607 0.4493
5.71 0.0374984  -0.467441 0.141942 0.447963
5.72 0.0371898  -0.466858 0.14527 0.446573
5.73 0.0368836  -0.466269 0.14859 0.445132
5.74 0.0365799  -0.465675 0.151902 0.443639
5.75 0.0362785  -0.465075 0.155206 0.442095
5.76 0.0359795  -0.464469 0.158502 0.4405
5.77 0.0356828  -0.463858 0.161789 0.438853
5.78 0.0353885  -0.463241 0.165068 0.437156
5.79 0.0350964  -0.462618 0.168338 0.435409
5.8 0.0348067  -0.46199 0.171599 0.433611
5.81 0.0345193  -0.461357 0.174851 0.431763
5.82 0.0342341  -0.460718 0.178094 0.429865
5.83 0.0339512  -0.460073 0.181328 0.427918
5.84 0.0336705  -0.459424 0.184552 0.425921
5.85 0.033392  -0.458769 0.187766 0.423875
5.86 0.0331157  -0.458108 0.190971 0.42178
5.87 0.0328416  -0.457443 0.194165 0.419637
5.88 0.0325697  -0.456772 0.19735 0.417446
5.89 0.0322999  -0.456096 0.200524 0.415207
5.9 0.0320323  -0.455415 0.203687 0.412919
5.91 0.0317668  -0.454728 0.20684 0.410585
5.92 0.0315034  -0.454037 0.209983 0.408203
5.93 0.031242  -0.45334 0.213114 0.405775
5.94 0.0309828  -0.452639 0.216234 0.4033
5.95 0.0307256  -0.451932 0.219343 0.400778
5.96 0.0304704  -0.45122 0.222441 0.398211
5.97 0.0302173  -0.450504 0.225527 0.395598
5.98 0.0299662  -0.449782 0.228601 0.39294
5.99 0.0297171  -0.449056 0.231664 0.390237
6 0.0294699  -0.448325 0.234715 0.387489
6.01 0.0292247  -0.447589 0.237753 0.384697
6.02 0.0289815  -0.446848 0.24078 0.381861
6.03 0.0287402  -0.446103 0.243794 0.378982
6.04 0.0285008  -0.445353 0.246795 0.376059
6.05 0.0282634  -0.444598 0.249784 0.373093
6.06 0.0280278  -0.443839 0.25276 0.370085
6.07 0.0277941  -0.443075 0.255723 0.367034
6.08 0.0275623  -0.442306 0.258672 0.363942
6.09 0.0273323  -0.441533 0.261609 0.360808
6.1 0.0271042  -0.440755 0.264532 0.357633
6.11 0.0268779  -0.439973 0.267442 0.354418
6.12 0.0266534  -0.439186 0.270338 0.351162
6.13 0.0264307  -0.438395 0.273221 0.347867
6.14 0.0262098  -0.4376 0.276089 0.344531
6.15 0.0259906  -0.4368 0.278944 0.341157
6.16 0.0257732  -0.435996 0.281784 0.337744
6.17 0.0255576  -0.435187 0.28461 0.334293
6.18 0.0253436  -0.434375 0.287422 0.330803
6.19 0.0251314  -0.433558 0.290219 0.327277
6.2 0.0249209  -0.432737 0.293001 0.323713
6.21 0.0247121  -0.431911 0.295769 0.320112
6.22 0.0245049  -0.431082 0.298522 0.316476
6.23 0.0242994  -0.430248 0.301259 0.312803
6.24 0.0240956  -0.429411 0.303982 0.309095
6.25 0.0238934  -0.428569 0.306689 0.305352
6.26 0.0236929  -0.427723 0.309381 0.301575
6.27 0.0234939  -0.426874 0.312057 0.297764
6.28 0.0232965  -0.42602 0.314718 0.293919
6.29 0.0231008  -0.425162 0.317363 0.29004
6.3 0.0229066  -0.424301 0.319992 0.286129
6.31 0.022714  -0.423435 0.322605 0.282186
6.32 0.0225229  -0.422566 0.325202 0.278211
6.33 0.0223334  -0.421693 0.327782 0.274205
6.34 0.0221454  -0.420816 0.330347 0.270168
6.35 0.0219589  -0.419936 0.332895 0.266101
6.36 0.0217739  -0.419051 0.335426 0.262003
6.37 0.0215904  -0.418163 0.337941 0.257876
6.38 0.0214084  -0.417272 0.340438 0.25372
6.39 0.0212279  -0.416376 0.34292 0.249536
6.4 0.0210488  -0.415477 0.345384 0.245323
6.41 0.0208712  -0.414575 0.347831 0.241084
6.42 0.020695  -0.413669 0.35026 0.236817
6.43 0.0205203  -0.412759 0.352673 0.232523
6.44 0.0203469  -0.411846 0.355068 0.228203
6.45 0.020175  -0.410929 0.357445 0.223858
6.46 0.0200044  -0.410009 0.359805 0.219488
6.47 0.0198353  -0.409085 0.362148 0.215093
6.48 0.0196675  -0.408159 0.364472 0.210674
6.49 0.019501  -0.407228 0.366779 0.206232
6.5 0.0193359  -0.406295 0.369067 0.201766
6.51 0.0191722  -0.405358 0.371338 0.197278
6.52 0.0190098  -0.404417 0.37359 0.192768
6.53 0.0188487  -0.403474 0.375824 0.188237
6.54 0.0186889  -0.402527 0.37804 0.183684
6.55 0.0185304  -0.401577 0.380237 0.179111
6.56 0.0183732  -0.400624 0.382415 0.174518
6.57 0.0182173  -0.399668 0.384576 0.169905
6.58 0.0180626  -0.398708 0.386717 0.165274
6.59 0.0179092  -0.397746 0.388839 0.160624
6.6 0.017757  -0.39678 0.390943 0.155956
6.61 0.0176061  -0.395812 0.393028 0.151271
6.62 0.0174564  -0.39484 0.395093 0.146569
6.63 0.017308  -0.393865 0.39714 0.141851
6.64 0.0171607  -0.392888 0.399167 0.137117
6.65 0.0170147  -0.391907 0.401175 0.132368
6.66 0.0168698  -0.390923 0.403163 0.127604
6.67 0.0167261  -0.389937 0.405132 0.122825
6.68 0.0165836  -0.388948 0.407082 0.118034
6.69 0.0164423  -0.387955 0.409012 0.113229
6.7 0.0163021  -0.38696 0.410922 0.108412
6.71 0.016163  -0.385963 0.412812 0.103582
6.72 0.0160251  -0.384962 0.414683 0.0987412
6.73 0.0158883  -0.383959 0.416534 0.0938894
6.74 0.0157526  -0.382953 0.418364 0.0890272
6.75 0.0156181  -0.381944 0.420175 0.0841552
6.76 0.0154846  -0.380932 0.421966 0.0792738
6.77 0.0153522  -0.379918 0.423736 0.0743837
6.78 0.0152209  -0.378902 0.425486 0.0694853
6.79 0.0150907  -0.377882 0.427216 0.0645793
6.8 0.0149615  -0.37686 0.428926 0.0596661
6.81 0.0148335  -0.375836 0.430615 0.0547463
6.82 0.0147064  -0.374809 0.432283 0.0498206
6.83 0.0145804  -0.373779 0.433931 0.0448893
6.84 0.0144554  -0.372747 0.435558 0.039953
6.85 0.0143315  -0.371712 0.437165 0.0350124
6.86 0.0142085  -0.370675 0.438751 0.0300679
6.87 0.0140866  -0.369636 0.440316 0.0251201
6.88 0.0139657  -0.368594 0.44186 0.0201695
6.89 0.0138457  -0.36755 0.443384 0.0152167
6.9 0.0137268  -0.366503 0.444886 0.0102622
6.91 0.0136088  -0.365454 0.446368 0.00530661
6.92 0.0134918  -0.364403 0.447828 0.000350425
6.93 0.0133757  -0.36335 0.449267 -0.0046058
6.94 0.0132606  -0.362294 0.450685 -0.00956152
6.95 0.0131464  -0.361236 0.452082 -0.0145162
6.96 0.0130332  -0.360175 0.453458 -0.0194693
6.97 0.0129209  -0.359113 0.454812 -0.0244202
6.98 0.0128096  -0.358048 0.456145 -0.0293685
6.99 0.0126991  -0.356981 0.457456 -0.0343135
7 0.0125896  -0.355912 0.458747 -0.0392548
7.01 0.0124809  -0.354841 0.460015 -0.0441918
7.02 0.0123731  -0.353768 0.461262 -0.0491239
7.03 0.0122663  -0.352693 0.462488 -0.0540507
7.04 0.0121603  -0.351615 0.463692 -0.0589715
7.05 0.0120552  -0.350536 0.464874 -0.0638859
7.06 0.0119509  -0.349455 0.466035 -0.0687933
7.07 0.0118475  -0.348371 0.467174 -0.0736932
7.08 0.0117449  -0.347286 0.468291 -0.078585
7.09 0.0116432  -0.346198 0.469386 -0.0834683
7.1 0.0115424  -0.345109 0.47046 -0.0883424
7.11 0.0114423  -0.344018 0.471512 -0.0932069
7.12 0.0113431  -0.342925 0.472542 -0.0980612
7.13 0.0112447  -0.34183 0.47355 -0.102905
7.14 0.0111471  -0.340733 0.474536 -0.107737
7.15 0.0110503  -0.339634 0.4755 -0.112558
7.16 0.0109543  -0.338533 0.476442 -0.117366
7.17 0.0108591  -0.337431 0.477363 -0.122162
7.18 0.0107647  -0.336327 0.478261 -0.126944
7.19 0.010671  -0.335221 0.479137 -0.131713
7.2 0.0105782  -0.334113 0.479991 -0.136467
7.21 0.0104861  -0.333004 0.480823 -0.141206
7.22 0.0103947  -0.331893 0.481633 -0.14593
7.23 0.0103041  -0.33078 0.482421 -0.150638
7.24 0.0102143  -0.329665 0.483186 -0.15533
7.25 0.0101251  -0.328549 0.48393 -0.160005
7.26 0.0100368  -0.327431 0.484651 -0.164662
7.27 0.00994911  -0.326312 0.48535 -0.169302
7.28 0.00986218  -0.325191 0.486027 -0.173923
7.29 0.00977596  -0.324069 0.486681 -0.178526
7.3 0.00969045  -0.322944 0.487314 -0.183109
7.31 0.00960565  -0.321819 0.487924 -0.187672
7.32 0.00952155  -0.320691 0.488512 -0.192215
7.33 0.00943814  -0.319563 0.489077 -0.196737
7.34 0.00935541  -0.318432 0.489621 -0.201237
7.35 0.00927337  -0.317301 0.490142 -0.205716
7.36 0.009192  -0.316168 0.490641 -0.210173
7.37 0.0091113  -0.315033 0.491117 -0.214607
7.38 0.00903126  -0.313897 0.491571 -0.219018
7.39 0.00895189  -0.312759 0.492003 -0.223405
7.4 0.00887316  -0.31162 0.492413 -0.227768
7.41 0.00879509  -0.31048 0.4928 -0.232106
7.42 0.00871765  -0.309339 0.493165 -0.236419
7.43 0.00864086  -0.308196 0.493508 -0.240707
7.44 0.00856469  -0.307051 0.493828 -0.244969
7.45 0.00848915  -0.305906 0.494127 -0.249204
7.46 0.00841424  -0.304759 0.494403 -0.253413
7.47 0.00833994  -0.303611 0.494656 -0.257594
7.48 0.00826625  -0.302461 0.494888 -0.261747
7.49 0.00819316  -0.30131 0.495097 -0.265872
7.5 0.00812068  -0.300158 0.495283 -0.269969
7.51 0.00804879  -0.299005 0.495448 -0.274036
7.52 0.0079775  -0.297851 0.49559 -0.278074
7.53 0.00790679  -0.296695 0.495711 -0.282082
7.54 0.00783666  -0.295539 0.495808 -0.28606
7.55 0.00776711  -0.294381 0.495884 -0.290007
7.56 0.00769812  -0.293222 0.495938 -0.293923
7.57 0.00762971  -0.292061 0.495969 -0.297807
7.58 0.00756185  -0.2909 0.495978 -0.301659
7.59 0.00749456  -0.289738 0.495965 -0.305479
7.6 0.00742781  -0.288574 0.49593 -0.309266
7.61 0.00736161  -0.28741 0.495873 -0.31302
7.62 0.00729596  -0.286244 0.495794 -0.31674
7.63 0.00723084  -0.285077 0.495693 -0.320427
7.64 0.00716626  -0.28391 0.495569 -0.324079
7.65 0.00710221  -0.282741 0.495424 -0.327696
7.66 0.00703868  -0.281571 0.495257 -0.331278
7.67 0.00697567  -0.2804 0.495067 -0.334825
7.68 0.00691318  -0.279229 0.494856 -0.338336
7.69 0.0068512  -0.278056 0.494623 -0.34181
7.7 0.00678972  -0.276882 0.494368 -0.345248
7.71 0.00672875  -0.275708 0.494091 -0.348649
7.72 0.00666828  -0.274532 0.493792 -0.352013
7.73 0.0066083  -0.273356 0.493471 -0.355339
7.74 0.00654882  -0.272179 0.493129 -0.358627
7.75 0.00648981  -0.271001 0.492765 -0.361877
7.76 0.00643129  -0.269822 0.492379 -0.365088
7.77 0.00637325  -0.268642 0.491972 -0.368261
7.78 0.00631568  -0.267461 0.491543 -0.371394
7.79 0.00625858  -0.266279 0.491092 -0.374487
7.8 0.00620195  -0.265097 0.49062 -0.37754
7.81 0.00614577  -0.263914 0.490126 -0.380553
7.82 0.00609006  -0.26273 0.48961 -0.383526
7.83 0.0060348  -0.261545 0.489074 -0.386458
7.84 0.00597998  -0.26036 0.488515 -0.389348
7.85 0.00592562  -0.259173 0.487936 -0.392197
7.86 0.00587169  -0.257986 0.487335 -0.395004
7.87 0.0058182  -0.256798 0.486713 -0.397769
7.88 0.00576515  -0.25561 0.486069 -0.400492
7.89 0.00571253  -0.254421 0.485404 -0.403173
7.9 0.00566033  -0.253231 0.484719 -0.40581
7.91 0.00560856  -0.25204 0.484012 -0.408404
7.92 0.0055572  -0.250849 0.483284 -0.410955
7.93 0.00550626  -0.249657 0.482535 -0.413462
7.94 0.00545574  -0.248464 0.481765 -0.415926
7.95 0.00540562  -0.247271 0.480974 -0.418345
7.96 0.00535591  -0.246077 0.480162 -0.420719
7.97 0.00530659  -0.244883 0.479329 -0.423049
7.98 0.00525768  -0.243688 0.478476 -0.425335
7.99 0.00520916  -0.242492 0.477601 -0.427575
8 0.00516103  -0.241296 0.476707 -0.429769
8.01 0.00511328  -0.240099 0.475791 -0.431919
8.02 0.00506593  -0.238901 0.474855 -0.434022
8.03 0.00501895  -0.237703 0.473899 -0.436079
8.04 0.00497235  -0.236505 0.472922 -0.438091
8.05 0.00492612  -0.235305 0.471924 -0.440055
8.06 0.00488026  -0.234106 0.470906 -0.441974
8.07 0.00483477  -0.232906 0.469868 -0.443845
8.08 0.00478964  -0.231705 0.46881 -0.44567
8.09 0.00474488  -0.230504 0.467732 -0.447447
8.1 0.00470047  -0.229302 0.466633 -0.449177
8.11 0.00465641  -0.2281 0.465515 -0.45086
8.12 0.00461271  -0.226897 0.464376 -0.452495
8.13 0.00456935  -0.225694 0.463218 -0.454082
8.14 0.00452634  -0.224491 0.462039 -0.455621
8.15 0.00448367  -0.223287 0.460841 -0.457113
8.16 0.00444134  -0.222082 0.459624 -0.458556
8.17 0.00439934  -0.220877 0.458386 -0.45995
8.18 0.00435768  -0.219672 0.457129 -0.461296
8.19 0.00431635  -0.218466 0.455853 -0.462593
8.2 0.00427534  -0.21726 0.454557 -0.463842
8.21 0.00423465  -0.216054 0.453241 -0.465042
8.22 0.00419429  -0.214847 0.451907 -0.466193
8.23 0.00415424  -0.21364 0.450553 -0.467294
8.24 0.00411451  -0.212432 0.449179 -0.468347
8.25 0.00407509  -0.211224 0.447787 -0.46935
8.26 0.00403598  -0.210016 0.446376 -0.470303
8.27 0.00399717  -0.208807 0.444946 -0.471208
8.28 0.00395867  -0.207598 0.443497 -0.472062
8.29 0.00392047  -0.206389 0.442029 -0.472867
8.3 0.00388257  -0.20518 0.440542 -0.473623
8.31 0.00384496  -0.20397 0.439037 -0.474328
8.32 0.00380764  -0.202759 0.437513 -0.474984
8.33 0.00377061  -0.201549 0.435971 -0.47559
8.34 0.00373387  -0.200338 0.43441 -0.476146
8.35 0.00369741  -0.199127 0.432831 -0.476651
8.36 0.00366123  -0.197916 0.431233 -0.477107
8.37 0.00362534  -0.196704 0.429618 -0.477513
8.38 0.00358971  -0.195492 0.427984 -0.477869
8.39 0.00355437  -0.19428 0.426332 -0.478174
8.4 0.00351929  -0.193068 0.424662 -0.47843
8.41 0.00348448  -0.191855 0.422975 -0.478635
8.42 0.00344994  -0.190642 0.421269 -0.47879
8.43 0.00341566  -0.189429 0.419546 -0.478895
8.44 0.00338164  -0.188216 0.417806 -0.47895
8.45 0.00334787  -0.187003 0.416048 -0.478955
8.46 0.00331437  -0.185789 0.414272 -0.47891
8.47 0.00328112  -0.184575 0.412479 -0.478814
8.48 0.00324811  -0.183361 0.410669 -0.478668
8.49 0.00321536  -0.182147 0.408841 -0.478473
8.5 0.00318285  -0.180932 0.406997 -0.478227
8.51 0.00315059  -0.179718 0.405135 -0.477931
8.52 0.00311856  -0.178503 0.403257 -0.477586
8.53 0.00308678  -0.177288 0.401361 -0.47719
8.54 0.00305523  -0.176073 0.399449 -0.476745
8.55 0.00302392  -0.174858 0.397521 -0.47625
8.56 0.00299283  -0.173642 0.395576 -0.475705
8.57 0.00296198  -0.172427 0.393614 -0.47511
8.58 0.00293135  -0.171211 0.391636 -0.474466
8.59 0.00290095  -0.169996 0.389641 -0.473772
8.6 0.00287077  -0.16878 0.387631 -0.473029
8.61 0.00284082  -0.167564 0.385604 -0.472237
8.62 0.00281108  -0.166348 0.383562 -0.471396
8.63 0.00278155  -0.165132 0.381503 -0.470505
8.64 0.00275224  -0.163915 0.379429 -0.469565
8.65 0.00272314  -0.162699 0.377339 -0.468577
8.66 0.00269425  -0.161482 0.375233 -0.467539
8.67 0.00266557  -0.160266 0.373112 -0.466453
8.68 0.00263709  -0.159049 0.370975 -0.465319
8.69 0.00260882  -0.157833 0.368824 -0.464136
8.7 0.00258075  -0.156616 0.366656 -0.462904
8.71 0.00255287  -0.155399 0.364474 -0.461625
8.72 0.00252519  -0.154182 0.362277 -0.460297
8.73 0.00249771  -0.152965 0.360065 -0.458922
8.74 0.00247042  -0.151748 0.357838 -0.457499
8.75 0.00244332  -0.150531 0.355596 -0.456029
8.76 0.00241641  -0.149314 0.35334 -0.454511
8.77 0.00238969  -0.148097 0.351069 -0.452946
8.78 0.00236315  -0.14688 0.348783 -0.451334
8.79 0.00233679  -0.145663 0.346484 -0.449675
8.8 0.00231061  -0.144446 0.34417 -0.447969
8.81 0.00228461  -0.143229 0.341842 -0.446217
8.82 0.00225879  -0.142011 0.3395 -0.444419
8.83 0.00223314  -0.140794 0.337144 -0.442575
8.84 0.00220767  -0.139577 0.334775 -0.440684
8.85 0.00218237  -0.13836 0.332391 -0.438748
8.86 0.00215723  -0.137142 0.329994 -0.436767
8.87 0.00213227  -0.135925 0.327584 -0.43474
8.88 0.00210746  -0.134708 0.32516 -0.432669
8.89 0.00208282  -0.133491 0.322723 -0.430552
8.9 0.00205835  -0.132273 0.320273 -0.428391
8.91 0.00203403  -0.131056 0.31781 -0.426186
8.92 0.00200987  -0.129839 0.315334 -0.423937
8.93 0.00198587  -0.128622 0.312845 -0.421643
8.94 0.00196202  -0.127405 0.310343 -0.419307
8.95 0.00193832  -0.126188 0.307829 -0.416926
8.96 0.00191477  -0.124971 0.305302 -0.414503
8.97 0.00189137  -0.123753 0.302763 -0.412037
8.98 0.00186812  -0.122536 0.300212 -0.409528
8.99 0.00184502  -0.12132 0.297648 -0.406977
9 0.00182205  -0.120103 0.295072 -0.404384
9.01 0.00179923  -0.118886 0.292485 -0.40175
9.02 0.00177655  -0.117669 0.289885 -0.399073
9.03 0.00175401  -0.116452 0.287274 -0.396356
9.04 0.00173161  -0.115235 0.284651 -0.393598
9.05 0.00170933  -0.114019 0.282017 -0.390799
9.06 0.0016872  -0.112802 0.279371 -0.38796
9.07 0.00166519  -0.111585 0.276714 -0.385081
9.08 0.00164331  -0.110369 0.274046 -0.382162
9.09 0.00162157  -0.109152 0.271367 -0.379204
9.1 0.00159995  -0.107936 0.268677 -0.376206
9.11 0.00157845  -0.10672 0.265976 -0.37317
9.12 0.00155707  -0.105503 0.263265 -0.370096
9.13 0.00153582  -0.104287 0.260543 -0.366983
9.14 0.00151469  -0.103071 0.25781 -0.363833
9.15 0.00149368  -0.101855 0.255067 -0.360645
9.16 0.00147278  -0.100639 0.252314 -0.357421
9.17 0.001452  -0.0994232 0.249551 -0.354159
9.18 0.00143133  -0.0982074 0.246777 -0.350861
9.19 0.00141078  -0.0969917 0.243994 -0.347527
9.2 0.00139033  -0.095776 0.241201 -0.344157
9.21 0.00136999  -0.0945604 0.238399 -0.340752
9.22 0.00134976  -0.0933449 0.235586 -0.337312
9.23 0.00132964  -0.0921295 0.232765 -0.333837
9.24 0.00130962  -0.0909142 0.229934 -0.330328
9.25 0.0012897  -0.089699 0.227094 -0.326785
9.26 0.00126989  -0.0884838 0.224245 -0.323209
9.27 0.00125017  -0.0872687 0.221387 -0.319599
9.28 0.00123055  -0.0860537 0.21852 -0.315957
9.29 0.00121103  -0.0848389 0.215645 -0.312282
9.3 0.00119161  -0.083624 0.212761 -0.308575
9.31 0.00117227  -0.0824093 0.209868 -0.304836
9.32 0.00115303  -0.0811947 0.206967 -0.301067
9.33 0.00113388  -0.0799802 0.204058 -0.297266
9.34 0.00111482  -0.0787657 0.201141 -0.293435
9.35 0.00109585  -0.0775514 0.198216 -0.289574
9.36 0.00107696  -0.0763371 0.195283 -0.285683
9.37 0.00105816  -0.075123 0.192342 -0.281763
9.38 0.00103944  -0.0739089 0.189393 -0.277814
9.39 0.0010208  -0.0726949 0.186437 -0.273837
9.4 0.00100224  -0.071481 0.183474 -0.269832
9.41 0.000983763  -0.0702672 0.180504 -0.265799
9.42 0.000965362  -0.0690536 0.177526 -0.261739
9.43 0.000947037  -0.0678399 0.174541 -0.257652
9.44 0.000928787  -0.0666264 0.17155 -0.253539
9.45 0.00091061  -0.065413 0.168551 -0.2494
9.46 0.000892505  -0.0641997 0.165546 -0.245235
9.47 0.00087447  -0.0629865 0.162535 -0.241046
9.48 0.000856504  -0.0617733 0.159517 -0.236832
9.49 0.000838606  -0.0605603 0.156493 -0.232593
9.5 0.000820774  -0.0593473 0.153462 -0.228331
9.51 0.000803007  -0.0581345 0.150426 -0.224046
9.52 0.000785303  -0.0569217 0.147384 -0.219737
9.53 0.000767661  -0.055709 0.144335 -0.215407
9.54 0.00075008  -0.0544964 0.141282 -0.211054
9.55 0.000732558  -0.0532839 0.138222 -0.20668
9.56 0.000715094  -0.0520715 0.135158 -0.202284
9.57 0.000697687  -0.0508591 0.132088 -0.197868
9.58 0.000680335  -0.0496469 0.129013 -0.193432
9.59 0.000663037  -0.0484347 0.125932 -0.188977
9.6 0.000645791  -0.0472226 0.122847 -0.184502
9.61 0.000628596  -0.0460107 0.119757 -0.180008
9.62 0.000611452  -0.0447987 0.116663 -0.175496
9.63 0.000594356  -0.0435869 0.113563 -0.170966
9.64 0.000577306  -0.0423751 0.11046 -0.166418
9.65 0.000560303  -0.0411635 0.107352 -0.161854
9.66 0.000543344  -0.0399519 0.10424 -0.157273
9.67 0.000526427  -0.0387403 0.101124 -0.152676
9.68 0.000509553  -0.0375289 0.0980034 -0.148064
9.69 0.000492719  -0.0363175 0.0948794 -0.143437
9.7 0.000475925  -0.0351062 0.0917518 -0.138795
9.71 0.000459168  -0.0338949 0.0886206 -0.134139
9.72 0.000442447  -0.0326838 0.085486 -0.129469
9.73 0.000425762  -0.0314727 0.082348 -0.124786
9.74 0.000409111  -0.0302616 0.0792069 -0.12009
9.75 0.000392492  -0.0290506 0.0760626 -0.115383
9.76 0.000375905  -0.0278397 0.0729155 -0.110663
9.77 0.000359347  -0.0266288 0.0697655 -0.105933
9.78 0.000342818  -0.025418 0.0666128 -0.101191
9.79 0.000326316  -0.0242073 0.0634575 -0.0964396
9.8 0.00030984  -0.0229966 0.0602997 -0.0916781
9.81 0.000293389  -0.0217859 0.0571397 -0.0869074
9.82 0.000276961  -0.0205753 0.0539774 -0.0821278
9.83 0.000260554  -0.0193648 0.050813 -0.0773399
9.84 0.000244169  -0.0181542 0.0476467 -0.0725442
9.85 0.000227804  -0.0169438 0.0444785 -0.0677411
9.86 0.000211456  -0.0157333 0.0413087 -0.0629311
9.87 0.000195126  -0.0145229 0.0381372 -0.0581148
9.88 0.00017881  -0.0133126 0.0349642 -0.0532926
9.89 0.000162509  -0.0121022 0.0317899 -0.048465
9.9 0.000146222  -0.0108919 0.0286144 -0.0436325
9.91 0.000129946  -0.00968165 0.0254378 -0.0387955
9.92 0.00011368  -0.00847139 0.0222602 -0.0339547
9.93 9.74234e-05  -0.00726115 0.0190818 -0.0291104
9.94 8.11743e-05  -0.00605093 0.0159026 -0.0242632
9.95 6.49318e-05  -0.00484073 0.0127228 -0.0194135
9.96 4.86942e-05  -0.00363054 0.00954254 -0.0145618
9.97 3.24608e-05  -0.00242035 0.0063619 -0.0097087
9.98 1.62297e-05  -0.00121017 0.00318101 -0.00485459
