1e-09, 1e-09, 1
0.0332064, 0.0321037, 0.934139
0.0596961, 0.0561816, 0.88459
0.0850237, 0.0780005, 0.839125
0.10943, 0.0979575, 0.796977
0.133226, 0.116443, 0.75739
0.156654, 0.133739, 0.719814
0.179891, 0.150041, 0.68387
0.203061, 0.165479, 0.6493
0.226255, 0.180144, 0.615926
0.249536, 0.194101, 0.583624
0.272957, 0.207397, 0.552303
0.296557, 0.220065, 0.521894
0.32037, 0.232135, 0.492344
0.344429, 0.243628, 0.463611
0.368761, 0.254562, 0.435659
0.393395, 0.264952, 0.408457
0.41836, 0.274812, 0.381978
0.443686, 0.284153, 0.356197
0.469404, 0.292984, 0.331093
0.495546, 0.301313, 0.306646
0.522147, 0.309147, 0.28284
0.549245, 0.31649, 0.259658
0.576878, 0.323346, 0.237086
0.605089, 0.329717, 0.215112
0.633923, 0.335603, 0.193728
0.663428, 0.341004, 0.172924
0.693658, 0.345918, 0.152694
0.724667, 0.35034, 0.133036
0.756516, 0.354264, 0.113946
0.789269, 0.357684, 0.0954266
0.822998, 0.36059, 0.0774796
0.857776, 0.362973, 0.0601102
0.893688, 0.36482, 0.0433259
0.930823, 0.366118, 0.0271365
0.969281, 0.36685, 0.0115539
1.00917, 0.367001, -0.00340734
1.05061, 0.36655, -0.0177303
1.09373, 0.365477, -0.0313956
1.1387, 0.36376, -0.0443813
1.18566, 0.361372, -0.0566628
1.23483, 0.358286, -0.0682126
1.28642, 0.354472, -0.079
1.34068, 0.349895, -0.0889911
1.39791, 0.34452, -0.0981482
1.45847, 0.338305, -0.106429
1.52276, 0.331202, -0.113787
1.59129, 0.323161, -0.120168
1.66466, 0.314121, -0.125512
1.74362, 0.304014, -0.129751
1.8291, 0.292758, -0.132803
1.92232, 0.28026, -0.134573
2.02481, 0.266409, -0.134948
2.1386, 0.251073, -0.133793
2.2664, 0.234107, -0.130943
2.4117, 0.215373, -0.126213
2.57861, 0.194817, -0.119429
2.77058, 0.172696, -0.110551
2.98703, 0.149893, -0.0999307
3.22156, 0.127818, -0.0884032
3.46602, 0.107656, -0.0769079
3.71532, 0.0898973, -0.0660771
3.96828, 0.0745105, -0.0561888
4.22636, 0.0612401, -0.0473036
4.49253, 0.049792, -0.0393885
4.77065, 0.0399056, -0.0323857
5.06535, 0.0313679, -0.0262426
5.38216, 0.0240067, -0.0209225
5.72795, 0.0176738, -0.0164105
6.1116, 0.0122244, -0.0127205
6.54513, 0.00748251, -0.00991335
7.0454, 0.00317339, -0.00814722
7.63611, -0.00124276, -0.00781756
8, -0.00414823, -0.00853927


1e-09, 1e-09, 1
0.0332064, 0.0321037, 0.934139
0.059696, 0.0561816, 0.88459
0.0850236, 0.0780004, 0.839125
0.10943, 0.0979574, 0.796977
0.133226, 0.116443, 0.75739
0.156654, 0.133739, 0.719814
0.179891, 0.150041, 0.68387
0.203061, 0.165479, 0.6493
0.226254, 0.180144, 0.615926
0.249536, 0.194101, 0.583624
0.272957, 0.207397, 0.552303
0.296557, 0.220065, 0.521894
0.32037, 0.232135, 0.492345
0.344428, 0.243628, 0.463612
0.36876, 0.254562, 0.43566
0.393395, 0.264952, 0.408458
0.41836, 0.274812, 0.381978
0.443686, 0.284153, 0.356197
0.469403, 0.292984, 0.331094
0.495546, 0.301313, 0.306647
0.522147, 0.309147, 0.282841
0.549244, 0.31649, 0.259658
0.576877, 0.323346, 0.237087
0.605088, 0.329717, 0.215113
0.633922, 0.335603, 0.193729
0.663428, 0.341005, 0.172924
0.693658, 0.345918, 0.152695
0.724667, 0.35034, 0.133037
0.756516, 0.354264, 0.113947
0.789269, 0.357684, 0.0954276
0.822997, 0.360591, 0.0774807
0.857776, 0.362973, 0.0601114
0.893688, 0.36482, 0.0433271
0.930823, 0.366118, 0.0271377
0.96928, 0.366851, 0.0115552
1.00917, 0.367001, -0.00340602
1.05061, 0.366551, -0.0177289
1.09373, 0.365478, -0.0313942
1.1387, 0.36376, -0.0443799
1.18566, 0.361373, -0.0566613
1.23483, 0.358287, -0.068211
1.28642, 0.354472, -0.0789983
1.34068, 0.349896, -0.0889894
1.39791, 0.344521, -0.0981464
1.45847, 0.338306, -0.106427
1.52276, 0.331204, -0.113785
1.59129, 0.323163, -0.120166
1.66466, 0.314123, -0.12551
1.74362, 0.304015, -0.129749
1.82911, 0.29276, -0.1328
1.92232, 0.280262, -0.13457
2.02481, 0.266411, -0.134945
2.13861, 0.251076, -0.13379
2.2664, 0.234111, -0.13094
2.4117, 0.215376, -0.12621
2.57861, 0.194822, -0.119425
2.77058, 0.172702, -0.110547
2.98703, 0.149899, -0.0999263
3.22155, 0.127827, -0.0883984
3.466, 0.107666, -0.0769023
3.7153, 0.0899095, -0.0660706
3.96824, 0.074525, -0.056181
4.22631, 0.0612572, -0.047294
4.49247, 0.0498124, -0.0393765
4.77058, 0.0399302, -0.0323706
5.06526, 0.0313982, -0.0262231
5.38204, 0.0240445, -0.020897
5.72779, 0.0177225, -0.0163761
6.11138, 0.0122894, -0.0126725
6.54482, 0.00757327, -0.00984352
7.04495, 0.00330791, -0.00803946
7.63561, -0.00102744, -0.00763826
8, -0.00386112, -0.00829426


1e-09, 1e-09, 1
0.0332061, 0.0321034, 0.934139
0.0596955, 0.0561811, 0.884591
0.0850227, 0.0779997, 0.839127
0.109429, 0.0979565, 0.796979
0.133224, 0.116442, 0.757393
0.156652, 0.133738, 0.719817
0.179889, 0.150039, 0.683874
0.203059, 0.165477, 0.649304
0.226252, 0.180143, 0.615931
0.249534, 0.1941, 0.58363
0.272954, 0.207395, 0.552309
0.296554, 0.220064, 0.5219
0.320367, 0.232134, 0.492351
0.344425, 0.243627, 0.463619
0.368757, 0.254561, 0.435667
0.393391, 0.264951, 0.408466
0.418356, 0.274812, 0.381987
0.443682, 0.284153, 0.356206
0.4694, 0.292984, 0.331103
0.495542, 0.301313, 0.306657
0.522143, 0.309147, 0.282851
0.54924, 0.31649, 0.259669
0.576873, 0.323346, 0.237097
0.605084, 0.329718, 0.215125
0.633918, 0.335605, 0.19374
0.663424, 0.341006, 0.172937
0.693654, 0.34592, 0.152708
0.724663, 0.350342, 0.13305
0.756512, 0.354267, 0.113961
0.789265, 0.357687, 0.095442
0.822994, 0.360594, 0.0774956
0.857772, 0.362978, 0.0601268
0.893685, 0.364825, 0.0433432
0.93082, 0.366124, 0.0271543
0.969277, 0.366857, 0.0115724
1.00917, 0.367008, -0.0033881
1.05061, 0.366558, -0.0177103
1.09373, 0.365487, -0.0313749
1.13869, 0.36377, -0.0443598
1.18566, 0.361383, -0.0566404
1.23483, 0.358298, -0.0681893
1.28642, 0.354485, -0.0789757
1.34068, 0.34991, -0.0889658
1.39792, 0.344536, -0.0981218
1.45847, 0.338322, -0.106402
1.52277, 0.331222, -0.113758
1.59129, 0.323182, -0.120138
1.66466, 0.314145, -0.125481
1.74363, 0.304039, -0.129717
1.82912, 0.292786, -0.132767
1.92233, 0.280291, -0.134535
2.02482, 0.266444, -0.134908
2.13862, 0.251112, -0.13375
2.26642, 0.234152, -0.130897
2.41171, 0.215425, -0.126163
2.57862, 0.19488, -0.119374
2.77055, 0.172774, -0.110492
2.98694, 0.14999, -0.0998666
3.22138, 0.127939, -0.0883326
3.46574, 0.107803, -0.0768277
3.71494, 0.0900737, -0.065983
3.96777, 0.0747199, -0.0560756
4.22572, 0.0614885, -0.0471647
4.49173, 0.0500884, -0.0392154
4.76964, 0.0402631, -0.0321668
5.06405, 0.0318063, -0.0259609
5.38045, 0.0245557, -0.0205526
5.72563, 0.0183806, -0.0159121
6.10835, 0.0131667, -0.0120263
6.54041, 0.00879732, -0.00890367
7.03841, 0.00512064, -0.00659174
7.62678, 0.00187682, -0.00523029
8, 2.1205e-05, -0.00498013


1e-09, 1e-09, 1
0.0331991, 0.0320969, 0.934154
0.059682, 0.0561692, 0.884619
0.0850028, 0.0779832, 0.839168
0.109403, 0.0979361, 0.797034
0.133192, 0.116418, 0.75746
0.156615, 0.133712, 0.719896
0.179846, 0.150012, 0.683964
0.203011, 0.165449, 0.649405
0.2262, 0.180114, 0.616043
0.249477, 0.194071, 0.583752
0.272893, 0.207367, 0.552442
0.296488, 0.220037, 0.522044
0.320298, 0.232108, 0.492505
0.344352, 0.243603, 0.463782
0.368681, 0.25454, 0.435841
0.393312, 0.264933, 0.408649
0.418274, 0.274797, 0.38218
0.443598, 0.284142, 0.356409
0.469313, 0.292978, 0.331316
0.495453, 0.301312, 0.30688
0.522053, 0.309152, 0.283084
0.549149, 0.316501, 0.259912
0.576781, 0.323364, 0.237351
0.604991, 0.329742, 0.215389
0.633824, 0.335637, 0.194015
0.66333, 0.341047, 0.173223
0.69356, 0.34597, 0.153005
0.72457, 0.350401, 0.133358
0.756421, 0.354336, 0.114281
0.789176, 0.357767, 0.0957745
0.822907, 0.360686, 0.0778406
0.857689, 0.363082, 0.0604848
0.893605, 0.364943, 0.0437145
0.930745, 0.366255, 0.0275397
0.969208, 0.367004, 0.0119723
1.0091, 0.367171, -0.0029731
1.05055, 0.366739, -0.0172795
1.09369, 0.365686, -0.0309274
1.13866, 0.363989, -0.0438948
1.18564, 0.361624, -0.056157
1.23482, 0.358562, -0.0676863
1.28642, 0.354775, -0.078452
1.34071, 0.350227, -0.0884199
1.39796, 0.344883, -0.0975521
1.45854, 0.338702, -0.105806
1.52286, 0.331638, -0.113135
1.59143, 0.323638, -0.119484
1.66483, 0.314645, -0.124794
1.74384, 0.30459, -0.128993
1.82937, 0.293395, -0.132002
1.92264, 0.280966, -0.133723
2.02518, 0.267198, -0.134043
2.13902, 0.251963, -0.132823
2.26683, 0.235125, -0.129899
2.41205, 0.216557, -0.125084
2.57867, 0.196234, -0.118202
2.76992, 0.174441, -0.109219
2.98499, 0.152079, -0.0984843
3.21758, 0.130538, -0.0868096
3.45977, 0.11097, -0.0751004
3.70662, 0.0938634, -0.0639617
3.9569, 0.079214, -0.0536494
4.21189, 0.0668123, -0.0441974
4.47425, 0.0564286, -0.0355319
4.74735, 0.0478924, -0.0275302
5.03501, 0.0411234, -0.0200366
5.34133, 0.0361524, -0.012852
5.67031, 0.0331517, -0.00570099
6.02482, 0.0324829, 0.00181714
6.40371, 0.0347333, 0.0102749
6.79736, 0.0406337, 0.0203864
7.16085, 0.0499435, 0.0319143
7.45967, 0.0610912, 0.0438205
7.71177, 0.0735626, 0.0562172
7.93934, 0.0877705, 0.0697968
8, 0.0921252, 0.0738908


