1e-09, 1e-09, 1
0.0332064, 0.0321038, 0.934138
0.0596962, 0.0561818, 0.88459
0.0850239, 0.0780006, 0.839124
0.109431, 0.0979577, 0.796976
0.133226, 0.116443, 0.757389
0.156654, 0.13374, 0.719813
0.179891, 0.150041, 0.683869
0.203062, 0.165479, 0.649299
0.226255, 0.180145, 0.615925
0.249537, 0.194102, 0.583623
0.272957, 0.207397, 0.552301
0.296557, 0.220066, 0.521892
0.320371, 0.232135, 0.492343
0.344429, 0.243628, 0.46361
0.368761, 0.254562, 0.435658
0.393396, 0.264953, 0.408455
0.418361, 0.274813, 0.381976
0.443687, 0.284153, 0.356195
0.469405, 0.292984, 0.331091
0.495547, 0.301313, 0.306644
0.522148, 0.309147, 0.282838
0.549245, 0.31649, 0.259655
0.576879, 0.323345, 0.237083
0.605089, 0.329716, 0.21511
0.633924, 0.335603, 0.193725
0.663429, 0.341004, 0.172921
0.693659, 0.345917, 0.152691
0.724668, 0.350339, 0.133033
0.756517, 0.354263, 0.113943
0.78927, 0.357683, 0.0954233
0.822998, 0.360589, 0.0774762
0.857777, 0.362972, 0.0601067
0.893689, 0.364819, 0.0433223
0.930824, 0.366116, 0.0271327
0.969281, 0.366849, 0.01155
1.00917, 0.366999, -0.0034114
1.05061, 0.366548, -0.0177345
1.09373, 0.365475, -0.0314
1.1387, 0.363758, -0.0443859
1.18566, 0.361369, -0.0566676
1.23483, 0.358283, -0.0682175
1.28642, 0.354469, -0.0790051
1.34068, 0.349892, -0.0889965
1.39791, 0.344517, -0.0981538
1.45847, 0.338301, -0.106435
1.52276, 0.331198, -0.113793
1.59129, 0.323157, -0.120174
1.66465, 0.314116, -0.125519
1.74361, 0.304008, -0.129758
1.8291, 0.292752, -0.13281
1.92232, 0.280254, -0.134581
2.0248, 0.266401, -0.134957
2.1386, 0.251065, -0.133802
2.2664, 0.234098, -0.130953
2.41169, 0.215362, -0.126224
2.57861, 0.194804, -0.11944
2.77059, 0.17268, -0.110563
2.98705, 0.149872, -0.0999442
3.2216, 0.127793, -0.0884181
3.46608, 0.107625, -0.0769248
3.7154, 0.0898601, -0.0660969
3.96838, 0.0744664, -0.0562127
4.22649, 0.0611877, -0.0473329
4.4927, 0.0497295, -0.039425
4.77087, 0.0398301, -0.0324319
5.06562, 0.0312755, -0.026302
5.38252, 0.0238908, -0.0210006
5.72843, 0.0175246, -0.0165159
6.11228, 0.0120253, -0.0128674
6.5461, 0.00720451, -0.0101273
7.04675, 0.00276125, -0.0084776
7.63752, -0.00190195, -0.00836708
8, -0.00502712, -0.00928922


1e-09, 1e-09, 1
0.0332064, 0.0321038, 0.934138
0.0596962, 0.0561817, 0.88459
0.0850238, 0.0780006, 0.839124
0.109431, 0.0979576, 0.796976
0.133226, 0.116443, 0.75739
0.156654, 0.13374, 0.719813
0.179891, 0.150041, 0.683869
0.203062, 0.165479, 0.649299
0.226255, 0.180144, 0.615925
0.249537, 0.194101, 0.583623
0.272957, 0.207397, 0.552302
0.296557, 0.220066, 0.521893
0.320371, 0.232135, 0.492343
0.344429, 0.243628, 0.46361
0.368761, 0.254562, 0.435658
0.393395, 0.264952, 0.408456
0.418361, 0.274812, 0.381976
0.443687, 0.284153, 0.356195
0.469404, 0.292984, 0.331091
0.495546, 0.301313, 0.306645
0.522148, 0.309147, 0.282838
0.549245, 0.31649, 0.259656
0.576878, 0.323345, 0.237084
0.605089, 0.329716, 0.215111
0.633923, 0.335603, 0.193726
0.663429, 0.341004, 0.172922
0.693659, 0.345918, 0.152692
0.724668, 0.350339, 0.133034
0.756517, 0.354264, 0.113944
0.78927, 0.357683, 0.0954244
0.822998, 0.36059, 0.0774773
0.857777, 0.362972, 0.0601079
0.893689, 0.364819, 0.0433236
0.930824, 0.366117, 0.027134
0.969281, 0.366849, 0.0115513
1.00917, 0.367, -0.00341001
1.05061, 0.366549, -0.0177331
1.09373, 0.365476, -0.0313985
1.1387, 0.363758, -0.0443843
1.18566, 0.36137, -0.0566659
1.23483, 0.358284, -0.0682158
1.28642, 0.35447, -0.0790034
1.34068, 0.349893, -0.0889946
1.39791, 0.344518, -0.0981518
1.45847, 0.338302, -0.106433
1.52276, 0.3312, -0.113791
1.59129, 0.323158, -0.120172
1.66466, 0.314118, -0.125517
1.74361, 0.30401, -0.129755
1.8291, 0.292754, -0.132807
1.92232, 0.280256, -0.134578
2.0248, 0.266404, -0.134954
2.1386, 0.251068, -0.133799
2.2664, 0.234101, -0.13095
2.41169, 0.215365, -0.12622
2.57861, 0.194809, -0.119436
2.77059, 0.172686, -0.110559
2.98705, 0.149879, -0.0999395
3.22158, 0.127802, -0.088413
3.46606, 0.107635, -0.076919
3.71538, 0.0898729, -0.0660901
3.96835, 0.0744816, -0.0562045
4.22645, 0.0612057, -0.0473228
4.49264, 0.049751, -0.0394124
4.77079, 0.0398561, -0.032416
5.06553, 0.0313073, -0.0262816
5.3824, 0.0239307, -0.0209737
5.72827, 0.0175759, -0.0164796
6.11205, 0.0120938, -0.0128168
6.54577, 0.00730018, -0.0100537
7.04629, 0.0029031, -0.00836384
7.63705, -0.00167516, -0.00817791
8, -0.00472474, -0.00903121


1e-09, 1e-09, 1
0.0332061, 0.0321034, 0.934139
0.0596955, 0.0561811, 0.884591
0.0850227, 0.0779997, 0.839127
0.109429, 0.0979565, 0.796979
0.133224, 0.116442, 0.757393
0.156652, 0.133738, 0.719817
0.179889, 0.150039, 0.683874
0.203059, 0.165477, 0.649304
0.226252, 0.180143, 0.615931
0.249534, 0.1941, 0.58363
0.272954, 0.207395, 0.552309
0.296554, 0.220064, 0.5219
0.320367, 0.232134, 0.492351
0.344425, 0.243627, 0.463619
0.368757, 0.254561, 0.435667
0.393391, 0.264951, 0.408466
0.418356, 0.274812, 0.381987
0.443682, 0.284153, 0.356206
0.4694, 0.292984, 0.331103
0.495542, 0.301313, 0.306657
0.522143, 0.309147, 0.282851
0.54924, 0.31649, 0.259669
0.576873, 0.323346, 0.237097
0.605084, 0.329718, 0.215125
0.633918, 0.335605, 0.19374
0.663424, 0.341006, 0.172937
0.693654, 0.34592, 0.152708
0.724663, 0.350342, 0.13305
0.756512, 0.354267, 0.113961
0.789265, 0.357687, 0.095442
0.822994, 0.360594, 0.0774956
0.857772, 0.362978, 0.0601268
0.893685, 0.364825, 0.0433432
0.93082, 0.366124, 0.0271543
0.969277, 0.366857, 0.0115724
1.00917, 0.367008, -0.0033881
1.05061, 0.366558, -0.0177103
1.09373, 0.365487, -0.0313749
1.13869, 0.36377, -0.0443598
1.18566, 0.361383, -0.0566404
1.23483, 0.358298, -0.0681893
1.28642, 0.354485, -0.0789757
1.34068, 0.34991, -0.0889658
1.39792, 0.344536, -0.0981218
1.45847, 0.338322, -0.106402
1.52277, 0.331222, -0.113758
1.59129, 0.323182, -0.120138
1.66466, 0.314145, -0.125481
1.74363, 0.304039, -0.129717
1.82912, 0.292786, -0.132767
1.92233, 0.280291, -0.134535
2.02482, 0.266444, -0.134908
2.13862, 0.251112, -0.13375
2.26642, 0.234152, -0.130897
2.41171, 0.215425, -0.126163
2.57862, 0.19488, -0.119374
2.77055, 0.172774, -0.110492
2.98694, 0.14999, -0.0998666
3.22138, 0.127939, -0.0883326
3.46574, 0.107803, -0.0768277
3.71494, 0.0900737, -0.065983
3.96777, 0.0747199, -0.0560756
4.22572, 0.0614885, -0.0471647
4.49173, 0.0500884, -0.0392154
4.76964, 0.0402631, -0.0321668
5.06405, 0.0318063, -0.0259609
5.38045, 0.0245557, -0.0205526
5.72563, 0.0183806, -0.0159121
6.10835, 0.0131667, -0.0120263
6.54041, 0.00879732, -0.00890367
7.03841, 0.00512064, -0.00659174
7.62678, 0.00187682, -0.00523029
8, 2.1205e-05, -0.00498013


1e-09, 1e-09, 1
0.0331936, 0.0320918, 0.934165
0.0596713, 0.0561598, 0.884642
0.084987, 0.07797, 0.839201
0.109382, 0.0979199, 0.797077
0.133167, 0.116399, 0.757513
0.156585, 0.133692, 0.719959
0.179812, 0.14999, 0.684035
0.202973, 0.165426, 0.649486
0.226158, 0.18009, 0.616132
0.249431, 0.194047, 0.58385
0.272844, 0.207344, 0.552547
0.296436, 0.220015, 0.522157
0.320243, 0.232087, 0.492627
0.344295, 0.243584, 0.463912
0.36862, 0.254523, 0.435978
0.393249, 0.264919, 0.408794
0.418209, 0.274785, 0.382333
0.443531, 0.284134, 0.356571
0.469244, 0.292973, 0.331485
0.495383, 0.301311, 0.307057
0.521981, 0.309155, 0.283269
0.549076, 0.316509, 0.260106
0.576707, 0.323377, 0.237553
0.604916, 0.329762, 0.215599
0.63375, 0.335662, 0.194234
0.663256, 0.341079, 0.17345
0.693486, 0.346009, 0.153241
0.724497, 0.350448, 0.133604
0.756348, 0.354391, 0.114536
0.789105, 0.357831, 0.0960386
0.822838, 0.360759, 0.0781146
0.857623, 0.363164, 0.0607691
0.893542, 0.365036, 0.0440096
0.930686, 0.36636, 0.0278458
0.969153, 0.36712, 0.01229
1.00905, 0.367301, -0.00264333
1.05051, 0.366882, -0.0169371
1.09365, 0.365844, -0.0305718
1.13863, 0.364163, -0.0435253
1.18562, 0.361815, -0.0557728
1.23481, 0.358772, -0.0672865
1.28643, 0.355005, -0.0780357
1.34072, 0.350479, -0.0879859
1.398, 0.345159, -0.0970992
1.4586, 0.339004, -0.105333
1.52294, 0.331968, -0.112639
1.59153, 0.324001, -0.118965
1.66497, 0.315043, -0.124247
1.744, 0.305028, -0.128418
1.82958, 0.293878, -0.131393
1.92288, 0.281504, -0.133077
2.02546, 0.267798, -0.133354
2.13933, 0.25264, -0.132086
2.26715, 0.235899, -0.129105
2.4123, 0.21746, -0.124224
2.5787, 0.197313, -0.117269
2.76939, 0.175768, -0.108207
2.98344, 0.153739, -0.0973847
3.21456, 0.132598, -0.0855994
3.45504, 0.113474, -0.0737312
3.70003, 0.0968553, -0.062365
3.94826, 0.0827553, -0.0517414
4.20085, 0.0709972, -0.0418764
4.46019, 0.0613955, -0.0326702
4.72923, 0.0538388, -0.0239602
5.01104, 0.0483273, -0.0155333
5.30832, 0.0449996, -0.00711122
5.62253, 0.0441569, 0.00167609
5.95205, 0.0462615, 0.0113053
6.28996, 0.0518439, 0.022317
6.60593, 0.0606691, 0.0344427
6.88877, 0.0721107, 0.0475455
7.12436, 0.0847387, 0.0606871
7.33787, 0.0990917, 0.0748396
7.52948, 0.11476, 0.0897878
7.70194, 0.131504, 0.105435
7.85841, 0.149198, 0.121752
8, 0.167557, 0.138534


