1.250000e-01 1.403162e-01 7.533942e+00 2.019418e+00
1.375000e-01 1.541798e-01 6.816594e+00 1.919360e+00
1.500000e-01 1.679959e-01 6.220273e+00 1.827814e+00
1.625000e-01 1.817603e-01 5.717014e+00 1.743447e+00
1.750000e-01 1.954688e-01 5.286842e+00 1.665221e+00
1.875000e-01 2.091176e-01 4.915113e+00 1.592315e+00
2.000000e-01 2.227025e-01 4.590844e+00 1.524064e+00
2.125000e-01 2.362196e-01 4.305635e+00 1.459925e+00
2.250000e-01 2.496652e-01 4.052958e+00 1.399447e+00
2.375000e-01 2.630353e-01 3.827657e+00 1.342253e+00
2.500000e-01 2.763263e-01 3.625610e+00 1.288023e+00
2.625000e-01 2.895344e-01 3.443479e+00 1.236482e+00
2.750000e-01 3.026562e-01 3.278535e+00 1.187397e+00
2.875000e-01 3.156881e-01 3.128525e+00 1.140561e+00
3.000000e-01 3.286267e-01 2.991569e+00 1.095798e+00
3.125000e-01 3.414686e-01 2.866092e+00 1.052949e+00
3.250000e-01 3.542105e-01 2.750759e+00 1.011877e+00
3.375000e-01 3.668494e-01 2.644435e+00 9.724575e-01
3.500000e-01 3.793821e-01 2.546147e+00 9.345812e-01
3.625000e-01 3.918055e-01 2.455056e+00 8.981496e-01
3.750000e-01 4.041169e-01 2.370436e+00 8.630740e-01
3.875000e-01 4.163135e-01 2.291655e+00 8.292742e-01
4.000000e-01 4.283924e-01 2.218160e+00 7.966778e-01
4.125000e-01 4.403512e-01 2.149464e+00 7.652186e-01
4.250000e-01 4.521873e-01 2.085141e+00 7.348365e-01
4.375000e-01 4.638982e-01 2.024811e+00 7.054761e-01
4.500000e-01 4.754818e-01 1.968136e+00 6.770871e-01
4.625000e-01 4.869358e-01 1.914818e+00 6.496228e-01
4.750000e-01 4.982582e-01 1.864588e+00 6.230403e-01
4.875000e-01 5.094469e-01 1.817206e+00 5.972999e-01
5.000000e-01 5.205000e-01 1.772454e+00 5.723649e-01
5.125000e-01 5.314159e-01 1.730138e+00 5.482012e-01
5.250000e-01 5.421927e-01 1.690082e+00 5.247770e-01
5.375000e-01 5.528291e-01 1.652126e+00 5.020628e-01
5.500000e-01 5.633235e-01 1.616124e+00 4.800308e-01
5.625000e-01 5.736746e-01 1.581946e+00 4.586555e-01
5.750000e-01 5.838811e-01 1.549469e+00 4.379124e-01
5.875000e-01 5.939420e-01 1.518585e+00 4.177790e-01
6.000000e-01 6.038562e-01 1.489192e+00 3.982339e-01
6.125000e-01 6.136228e-01 1.461199e+00 3.792570e-01
6.250000e-01 6.232410e-01 1.434519e+00 3.608295e-01
6.375000e-01 6.327100e-01 1.409075e+00 3.429335e-01
6.500000e-01 6.420294e-01 1.384795e+00 3.255522e-01
6.625000e-01 6.511985e-01 1.361612e+00 3.086696e-01
6.750000e-01 6.602170e-01 1.339466e+00 2.922707e-01
6.875000e-01 6.690847e-01 1.318297e+00 2.763411e-01
7.000000e-01 6.778012e-01 1.298055e+00 2.608672e-01
7.125000e-01 6.863665e-01 1.278690e+00 2.458363e-01
7.250000e-01 6.947806e-01 1.260157e+00 2.312359e-01
7.375000e-01 7.030436e-01 1.242412e+00 2.170545e-01
7.500000e-01 7.111556e-01 1.225417e+00 2.032809e-01
7.625000e-01 7.191169e-01 1.209134e+00 1.899046e-01
7.750000e-01 7.269279e-01 1.193530e+00 1.769153e-01
7.875000e-01 7.345891e-01 1.178572e+00 1.643034e-01
8.000000e-01 7.421009e-01 1.164230e+00 1.520597e-01
8.125000e-01 7.494639e-01 1.150475e+00 1.401753e-01
8.250000e-01 7.566789e-01 1.137283e+00 1.286418e-01
8.375000e-01 7.637466e-01 1.124626e+00 1.174510e-01
8.500000e-01 7.706679e-01 1.112484e+00 1.065951e-01
8.625000e-01 7.774437e-01 1.100833e+00 9.606675e-02
8.750000e-01 7.840749e-01 1.089652e+00 8.585870e-02
8.875000e-01 7.905627e-01 1.078924e+00 7.596407e-02
9.000000e-01 7.969081e-01 1.068629e+00 6.637623e-02
9.125000e-01 8.031123e-01 1.058750e+00 5.708881e-02
9.250000e-01 8.091766e-01 1.049271e+00 4.809567e-02
9.375000e-01 8.151023e-01 1.040177e+00 3.939090e-02
9.500000e-01 8.208907e-01 1.031453e+00 3.096879e-02
9.625000e-01 8.265432e-01 1.023086e+00 2.282386e-02
9.750000e-01 8.320614e-01 1.015063e+00 1.495080e-02
9.875000e-01 8.374467e-01 1.007372e+00 7.344489e-03
1.000000e+00 8.427007e-01 1.000000e+00 -6.470417e-09
1.012500e+00 8.478250e-01 9.929376e-01 -7.087472e-03
1.025000e+00 8.528211e-01 9.861740e-01 -1.392252e-02
1.037500e+00 8.576909e-01 9.796993e-01 -2.050961e-02
1.050000e+00 8.624360e-01 9.735043e-01 -2.685308e-02
1.062500e+00 8.670582e-01 9.675801e-01 -3.295711e-02
1.075000e+00 8.715592e-01 9.619183e-01 -3.882575e-02
1.087500e+00 8.759409e-01 9.565111e-01 -4.446293e-02
1.100000e+00 8.802050e-01 9.513508e-01 -4.987245e-02
1.112500e+00 8.843535e-01 9.464302e-01 -5.505801e-02
1.125000e+00 8.883882e-01 9.417427e-01 -6.002319e-02
1.137500e+00 8.923110e-01 9.372816e-01 -6.477147e-02
1.150000e+00 8.961239e-01 9.330409e-01 -6.930622e-02
1.162500e+00 8.998286e-01 9.290147e-01 -7.363071e-02
1.175000e+00 9.034273e-01 9.251974e-01 -7.774814e-02
1.187500e+00 9.069218e-01 9.215838e-01 -8.166160e-02
1.200000e+00 9.103140e-01 9.181687e-01 -8.537410e-02
1.212500e+00 9.136060e-01 9.149475e-01 -8.888856e-02
1.225000e+00 9.167998e-01 9.119156e-01 -9.220784e-02
1.237500e+00 9.198972e-01 9.090686e-01 -9.533470e-02
1.250000e+00 9.229002e-01 9.064025e-01 -9.827185e-02
1.262500e+00 9.258109e-01 9.039132e-01 -1.010219e-01
1.275000e+00 9.286311e-01 9.015972e-01 -1.035874e-01
1.287500e+00 9.313628e-01 8.994508e-01 -1.059709e-01
1.300000e+00 9.340081e-01 8.974707e-01 -1.081748e-01
1.312500e+00 9.365687e-01 8.956537e-01 -1.102015e-01
1.325000e+00 9.390467e-01 8.939967e-01 -1.120532e-01
1.337500e+00 9.414439e-01 8.924969e-01 -1.137323e-01
1.350000e+00 9.437623e-01 8.911514e-01 -1.152409e-01
1.362500e+00 9.460038e-01 8.899578e-01 -1.165812e-01
1.375000e+00 9.481702e-01 8.889136e-01 -1.177553e-01
1.387500e+00 9.502634e-01 8.880163e-01 -1.187652e-01
1.400000e+00 9.522853e-01 8.872638e-01 -1.196129e-01
1.412500e+00 9.542376e-01 8.866540e-01 -1.203004e-01
1.425000e+00 9.561221e-01 8.861849e-01 -1.208297e-01
1.437500e+00 9.579407e-01 8.858546e-01 -1.212024e-01
1.450000e+00 9.596952e-01 8.856614e-01 -1.214206e-01
1.462500e+00 9.613871e-01 8.856035e-01 -1.214859e-01
1.475000e+00 9.630183e-01 8.856795e-01 -1.214002e-01
1.487500e+00 9.645905e-01 8.858877e-01 -1.211651e-01
1.500000e+00 9.661053e-01 8.862269e-01 -1.207822e-01
1.512500e+00 9.675643e-01 8.866958e-01 -1.202534e-01
1.525000e+00 9.689692e-01 8.872930e-01 -1.195800e-01
1.537500e+00 9.703215e-01 8.880176e-01 -1.187638e-01
1.550000e+00 9.716228e-01 8.888683e-01 -1.178062e-01
1.562500e+00 9.728747e-01 8.898444e-01 -1.167087e-01
1.575000e+00 9.740786e-01 8.909448e-01 -1.154728e-01
1.587500e+00 9.752361e-01 8.921687e-01 -1.141001e-01
1.600000e+00 9.763485e-01 8.935153e-01 -1.125918e-01
1.612500e+00 9.774172e-01 8.949841e-01 -1.109493e-01
1.625000e+00 9.784438e-01 8.965743e-01 -1.091741e-01
1.637500e+00 9.794295e-01 8.982853e-01 -1.072675e-01
1.650000e+00 9.803756e-01 9.001168e-01 -1.052307e-01
1.662500e+00 9.812835e-01 9.020682e-01 -1.030651e-01
1.675000e+00 9.821545e-01 9.041392e-01 -1.007719e-01
1.687500e+00 9.829897e-01 9.063295e-01 -9.835238e-02
1.700000e+00 9.837905e-01 9.086387e-01 -9.580770e-02
1.712500e+00 9.845579e-01 9.110668e-01 -9.313908e-02
1.725000e+00 9.852931e-01 9.136135e-01 -9.034768e-02
1.737500e+00 9.859974e-01 9.162787e-01 -8.743465e-02
1.750000e+00 9.866717e-01 9.190625e-01 -8.440113e-02
1.762500e+00 9.873171e-01 9.219648e-01 -8.124821e-02
1.775000e+00 9.879347e-01 9.249857e-01 -7.797699e-02
1.787500e+00 9.885255e-01 9.281253e-01 -7.458853e-02
1.800000e+00 9.890905e-01 9.313838e-01 -7.108388e-02
1.812500e+00 9.896306e-01 9.347613e-01 -6.746408e-02
1.825000e+00 9.901468e-01 9.382582e-01 -6.373014e-02
1.837500e+00 9.906399e-01 9.418747e-01 -5.988306e-02
1.850000e+00 9.911110e-01 9.456112e-01 -5.592382e-02
1.862500e+00 9.915607e-01 9.494681e-01 -5.185338e-02
1.875000e+00 9.919900e-01 9.534458e-01 -4.767269e-02
1.887500e+00 9.923996e-01 9.575449e-01 -4.338269e-02
1.900000e+00 9.927903e-01 9.617658e-01 -3.898428e-02
1.912500e+00 9.931629e-01 9.661092e-01 -3.447838e-02
1.925000e+00 9.935182e-01 9.705757e-01 -2.986587e-02
1.937500e+00 9.938567e-01 9.751659e-01 -2.514763e-02
1.950000e+00 9.941792e-01 9.798806e-01 -2.032451e-02
1.962500e+00 9.944864e-01 9.847206e-01 -1.539736e-02
1.975000e+00 9.947789e-01 9.896865e-01 -1.036701e-02
1.987500e+00 9.950573e-01 9.947794e-01 -5.234293e-03
2.000000e+00 9.953221e-01 1.000000e+00 -6.470417e-09
2.012500e+00 9.955741e-01 1.005349e+00 5.335048e-03
2.025000e+00 9.958137e-01 1.010828e+00 1.077010e-02
2.037500e+00 9.960415e-01 1.016438e+00 1.630436e-02
2.050000e+00 9.962580e-01 1.022179e+00 2.193708e-02
2.062500e+00 9.964636e-01 1.028054e+00 2.766751e-02
2.075000e+00 9.966589e-01 1.034062e+00 3.349491e-02
2.087500e+00 9.968444e-01 1.040206e+00 3.941856e-02
2.100000e+00 9.970204e-01 1.046486e+00 4.543773e-02
2.112500e+00 9.971874e-01 1.052904e+00 5.155172e-02
2.125000e+00 9.973458e-01 1.059461e+00 5.775984e-02
2.137500e+00 9.974961e-01 1.066158e+00 6.406140e-02
2.150000e+00 9.976385e-01 1.072997e+00 7.045572e-02
2.162500e+00 9.977734e-01 1.079980e+00 7.694214e-02
2.175000e+00 9.979013e-01 1.087107e+00 8.352000e-02
2.187500e+00 9.980224e-01 1.094381e+00 9.018865e-02
2.200000e+00 9.981370e-01 1.101802e+00 9.694746e-02
2.212500e+00 9.982455e-01 1.109374e+00 1.037958e-01
2.225000e+00 9.983482e-01 1.117097e+00 1.107330e-01
2.237500e+00 9.984453e-01 1.124972e+00 1.177585e-01
2.250000e+00 9.985372e-01 1.133003e+00 1.248717e-01
2.262500e+00 9.986240e-01 1.141190e+00 1.320720e-01
2.275000e+00 9.987060e-01 1.149536e+00 1.393587e-01
2.287500e+00 9.987835e-01 1.158043e+00 1.467314e-01
2.300000e+00 9.988567e-01 1.166712e+00 1.541894e-01
2.312500e+00 9.989258e-01 1.175545e+00 1.617322e-01
2.325000e+00 9.989910e-01 1.184546e+00 1.693592e-01
2.337500e+00 9.990526e-01 1.193715e+00 1.770699e-01
2.350000e+00 9.991106e-01 1.203054e+00 1.848637e-01
2.362500e+00 9.991654e-01 1.212568e+00 1.927400e-01
2.375000e+00 9.992170e-01 1.222256e+00 2.006985e-01
2.387500e+00 9.992656e-01 1.232123e+00 2.087384e-01
2.400000e+00 9.993114e-01 1.242169e+00 2.168593e-01
2.412500e+00 9.993545e-01 1.252399e+00 2.250607e-01
2.425000e+00 9.993951e-01 1.262813e+00 2.333422e-01
2.437500e+00 9.994334e-01 1.273416e+00 2.417031e-01
2.450000e+00 9.994693e-01 1.284209e+00 2.501430e-01
2.462500e+00 9.995032e-01 1.295195e+00 2.586614e-01
2.475000e+00 9.995350e-01 1.306377e+00 2.672578e-01
2.487500e+00 9.995649e-01 1.317758e+00 2.759318e-01
2.500000e+00 9.995930e-01 1.329340e+00 2.846829e-01
2.512500e+00 9.996194e-01 1.341127e+00 2.935106e-01
2.525000e+00 9.996442e-01 1.353122e+00 3.024144e-01
2.537500e+00 9.996674e-01 1.365327e+00 3.113940e-01
2.550000e+00 9.996893e-01 1.377746e+00 3.204488e-01
2.562500e+00 9.997098e-01 1.390382e+00 3.295784e-01
2.575000e+00 9.997290e-01 1.403238e+00 3.387824e-01
2.587500e+00 9.997470e-01 1.416318e+00 3.480604e-01
2.600000e+00 9.997639e-01 1.429625e+00 3.574119e-01
2.612500e+00 9.997797e-01 1.443162e+00 3.668364e-01
2.625000e+00 9.997946e-01 1.456933e+00 3.763337e-01
2.637500e+00 9.998085e-01 1.470942e+00 3.859032e-01
2.650000e+00 9.998215e-01 1.485193e+00 3.955446e-01
2.662500e+00 9.998336e-01 1.499688e+00 4.052574e-01
2.675000e+00 9.998450e-01 1.514433e+00 4.150412e-01
2.687500e+00 9.998557e-01 1.529431e+00 4.248958e-01
2.700000e+00 9.998656e-01 1.544686e+00 4.348205e-01
2.712500e+00 9.998749e-01 1.560202e+00 4.448152e-01
2.725000e+00 9.998836e-01 1.575983e+00 4.548794e-01
2.737500e+00 9.998918e-01 1.592034e+00 4.650126e-01
2.750000e+00 9.998993e-01 1.608359e+00 4.752147e-01
2.762500e+00 9.999064e-01 1.624963e+00 4.854850e-01
2.775000e+00 9.999130e-01 1.641850e+00 4.958234e-01
2.787500e+00 9.999192e-01 1.659024e+00 5.062295e-01
2.800000e+00 9.999250e-01 1.676491e+00 5.167028e-01
2.812500e+00 9.999303e-01 1.694255e+00 5.272430e-01
2.825000e+00 9.999353e-01 1.712321e+00 5.378498e-01
2.837500e+00 9.999400e-01 1.730695e+00 5.485229e-01
2.850000e+00 9.999443e-01 1.749381e+00 5.592618e-01
2.862500e+00 9.999484e-01 1.768384e+00 5.700663e-01
2.875000e+00 9.999521e-01 1.787711e+00 5.809360e-01
2.887500e+00 9.999556e-01 1.807366e+00 5.918705e-01
2.900000e+00 9.999589e-01 1.827355e+00 6.028696e-01
2.912500e+00 9.999619e-01 1.847684e+00 6.139329e-01
2.925000e+00 9.999647e-01 1.868358e+00 6.250601e-01
2.937500e+00 9.999673e-01 1.889384e+00 6.362509e-01
2.950000e+00 9.999698e-01 1.910767e+00 6.475049e-01
2.962500e+00 9.999720e-01 1.932514e+00 6.588218e-01
2.975000e+00 9.999741e-01 1.954631e+00 6.702014e-01
2.987500e+00 9.999761e-01 1.977124e+00 6.816433e-01
3.000000e+00 9.999779e-01 2.000000e+00 6.931472e-01
3.012500e+00 9.999796e-01 2.023265e+00 7.047128e-01
3.025000e+00 9.999811e-01 2.046927e+00 7.163398e-01
3.037500e+00 9.999826e-01 2.070992e+00 7.280279e-01
3.050000e+00 9.999839e-01 2.095468e+00 7.397769e-01
3.062500e+00 9.999851e-01 2.120361e+00 7.515864e-01
3.075000e+00 9.999863e-01 2.145679e+00 7.634561e-01
3.087500e+00 9.999874e-01 2.171430e+00 7.753857e-01
3.100000e+00 9.999883e-01 2.197620e+00 7.873751e-01
3.112500e+00 9.999893e-01 2.224259e+00 7.994238e-01
3.125000e+00 9.999901e-01 2.251354e+00 8.115316e-01
3.137500e+00 9.999909e-01 2.278912e+00 8.236983e-01
3.150000e+00 9.999916e-01 2.306944e+00 8.359236e-01
3.162500e+00 9.999923e-01 2.335456e+00 8.482071e-01
3.175000e+00 9.999929e-01 2.364458e+00 8.605487e-01
3.187500e+00 9.999934e-01 2.393958e+00 8.729480e-01
3.200000e+00 9.999940e-01 2.423965e+00 8.854048e-01
3.212500e+00 9.999945e-01 2.454490e+00 8.979189e-01
3.225000e+00 9.999949e-01 2.485540e+00 9.104899e-01
3.237500e+00 9.999953e-01 2.517126e+00 9.231177e-01
3.250000e+00 9.999957e-01 2.549257e+00 9.358019e-01
3.262500e+00 9.999960e-01 2.581943e+00 9.485424e-01
3.275000e+00 9.999964e-01 2.615195e+00 9.613388e-01
3.287500e+00 9.999967e-01 2.649023e+00 9.741909e-01
3.300000e+00 9.999969e-01 2.683437e+00 9.870986e-01
3.312500e+00 9.999972e-01 2.718449e+00 1.000061e+00
3.325000e+00 9.999974e-01 2.754069e+00 1.013079e+00
3.337500e+00 9.999976e-01 2.790308e+00 1.026152e+00
3.350000e+00 9.999978e-01 2.827178e+00 1.039279e+00
3.362500e+00 9.999980e-01 2.864691e+00 1.052460e+00
3.375000e+00 9.999982e-01 2.902858e+00 1.065696e+00
3.387500e+00 9.999983e-01 2.941693e+00 1.078985e+00
3.400000e+00 9.999985e-01 2.981206e+00 1.092328e+00
3.412500e+00 9.999986e-01 3.021412e+00 1.105724e+00
3.425000e+00 9.999987e-01 3.062323e+00 1.119174e+00
3.437500e+00 9.999988e-01 3.103952e+00 1.132676e+00
3.450000e+00 9.999989e-01 3.146312e+00 1.146231e+00
3.462500e+00 9.999990e-01 3.189418e+00 1.159838e+00
3.475000e+00 9.999991e-01 3.233284e+00 1.173498e+00
3.487500e+00 9.999992e-01 3.277923e+00 1.187210e+00
3.500000e+00 9.999993e-01 3.323351e+00 1.200974e+00
3.512500e+00 9.999993e-01 3.369582e+00 1.214789e+00
3.525000e+00 9.999994e-01 3.416633e+00 1.228655e+00
3.537500e+00 9.999994e-01 3.464517e+00 1.242573e+00
3.550000e+00 9.999995e-01 3.513252e+00 1.256542e+00
3.562500e+00 9.999995e-01 3.562853e+00 1.270562e+00
3.575000e+00 9.999996e-01 3.613338e+00 1.284632e+00
3.587500e+00 9.999996e-01 3.664722e+00 1.298753e+00
3.600000e+00 9.999996e-01 3.717024e+00 1.312923e+00
3.612500e+00 9.999997e-01 3.770260e+00 1.327144e+00
3.625000e+00 9.999997e-01 3.824450e+00 1.341415e+00
3.637500e+00 9.999997e-01 3.879610e+00 1.355735e+00
3.650000e+00 9.999998e-01 3.935761e+00 1.370104e+00
3.662500e+00 9.999998e-01 3.992920e+00 1.384523e+00
3.675000e+00 9.999998e-01 4.051109e+00 1.398991e+00
3.687500e+00 9.999998e-01 4.110346e+00 1.413507e+00
3.700000e+00 9.999998e-01 4.170652e+00 1.428072e+00
3.712500e+00 9.999998e-01 4.232048e+00 1.442686e+00
3.725000e+00 9.999999e-01 4.294554e+00 1.457348e+00
3.737500e+00 9.999999e-01 4.358194e+00 1.472058e+00
3.750000e+00 9.999999e-01 4.422988e+00 1.486816e+00
3.762500e+00 9.999999e-01 4.488960e+00 1.501621e+00
3.775000e+00 9.999999e-01 4.556133e+00 1.516474e+00
3.787500e+00 9.999999e-01 4.624529e+00 1.531375e+00
3.800000e+00 9.999999e-01 4.694174e+00 1.546322e+00
3.812500e+00 9.999999e-01 4.765092e+00 1.561317e+00
3.825000e+00 9.999999e-01 4.837307e+00 1.576358e+00
3.837500e+00 9.999999e-01 4.910846e+00 1.591446e+00
3.850000e+00 9.999999e-01 4.985735e+00 1.606581e+00
3.862500e+00 1.000000e+00 5.062000e+00 1.621762e+00
3.875000e+00 1.000000e+00 5.139669e+00 1.636989e+00
3.887500e+00 1.000000e+00 5.218769e+00 1.652262e+00
3.900000e+00 1.000000e+00 5.299330e+00 1.667580e+00
3.912500e+00 1.000000e+00 5.381379e+00 1.682945e+00
3.925000e+00 1.000000e+00 5.464948e+00 1.698355e+00
3.937500e+00 1.000000e+00 5.550066e+00 1.713810e+00
3.950000e+00 1.000000e+00 5.636763e+00 1.729310e+00
3.962500e+00 1.000000e+00 5.725073e+00 1.744855e+00
3.975000e+00 1.000000e+00 5.815027e+00 1.760445e+00
3.987500e+00 1.000000e+00 5.906658e+00 1.776080e+00
