0	1	0	0	1
0.009	0.998673	0.00899403	0.5	0.877583
0.018	0.997345	0.0179761	1	0.540302
0.027	0.996013	0.0269462	1.5	0.0707372
0.036	0.994677	0.0359043	2	-0.416147
0.045	0.993333	0.0448504	2.5	-0.801144
0.054	0.991981	0.0537843	3	-0.989992
0.063	0.990618	0.062706	3.5	-0.936457
0.072	0.989244	0.0716154	4	-0.653644
0.081	0.987856	0.0805124	4.5	-0.210796
0.09	0.986453	0.0893968	5	0.283662
0.099	0.985032	0.0982684	5.5	0.70867
0.108	0.983593	0.107127	6	0.96017
0.117	0.982133	0.115973	6.5	0.976588
0.126	0.980652	0.124806	7	0.753902
0.135	0.979146	0.133625	7.5	0.346635
0.144	0.977615	0.14243	8	-0.1455
0.153	0.976056	0.151222	8.5	-0.602012
0.162	0.974469	0.159999	9	-0.91113
0.171	0.972851	0.168762
0.18	0.9712	0.17751
0.189	0.969515	0.186244
0.198	0.967795	0.194961
0.207	0.966037	0.203664
0.216	0.964239	0.21235
0.225	0.962401	0.22102
0.234	0.96052	0.229673
0.243	0.958595	0.238309
0.252	0.956624	0.246928
0.261	0.954605	0.255528
0.27	0.952537	0.26411
0.279	0.950417	0.272674
0.288	0.948245	0.281218
0.297	0.946018	0.289742
0.306	0.943734	0.298246
0.315	0.941393	0.306729
0.324	0.938992	0.315191
0.333	0.93653	0.323631
0.342	0.934005	0.332048
0.351	0.931414	0.340443
0.36	0.928758	0.348813
0.369	0.926033	0.35716
0.378	0.923238	0.365482
0.387	0.920371	0.373778
0.396	0.917432	0.382048
0.405	0.914417	0.390292
0.414	0.911325	0.398508
0.423	0.908155	0.406695
0.432	0.904905	0.414854
0.441	0.901573	0.422983
0.45	0.898158	0.431082
0.459	0.894657	0.43915
0.468	0.891069	0.447186
0.477	0.887393	0.455189
0.486	0.883626	0.463159
0.495	0.879767	0.471094
0.504	0.875814	0.478994
0.513	0.871767	0.486858
0.522	0.867627	0.494686
0.531	0.863395	0.502475
0.54	0.859071	0.510226
0.549	0.854657	0.517938
0.558	0.850154	0.52561
0.567	0.845562	0.533241
0.576	0.840884	0.54083
0.585	0.836119	0.548376
0.594	0.831269	0.55588
0.603	0.826334	0.563339
0.612	0.821317	0.570753
0.621	0.816217	0.578122
0.63	0.811036	0.585445
0.639	0.805775	0.592721
0.648	0.800435	0.599949
0.657	0.795016	0.607128
0.666	0.789521	0.614259
0.675	0.783949	0.62134
0.684	0.778302	0.62837
0.693	0.772581	0.635349
0.702	0.766787	0.642276
0.711	0.760921	0.649151
0.72	0.754983	0.655972
0.729	0.748976	0.66274
0.738	0.742899	0.669454
0.747	0.736755	0.676112
0.756	0.730543	0.682715
0.765	0.724265	0.689262
0.774	0.717922	0.695752
0.783	0.711515	0.702184
0.792	0.705045	0.708559
0.801	0.698513	0.714875
0.81	0.69192	0.721132
0.819	0.685267	0.727329
0.828	0.678555	0.733466
0.837	0.671785	0.739543
0.846	0.664958	0.745558
0.855	0.658075	0.751512
0.864	0.651137	0.757404
0.873	0.644145	0.763232
0.882	0.6371	0.768998
0.891	0.630003	0.7747
0.9	0.622855	0.780338
0.909	0.615657	0.785911
0.918	0.608411	0.79142
0.927	0.601116	0.796863
0.936	0.593774	0.80224
0.945	0.586387	0.80755
0.954	0.578954	0.812794
0.963	0.571478	0.817971
0.972	0.563959	0.823081
0.981	0.556398	0.828123
0.99	0.548796	0.833096
0.999	0.541154	0.838001
1.008	0.533473	0.842837
1.017	0.525754	0.847603
1.026	0.517997	0.8523
1.035	0.510204	0.856927
1.044	0.502373	0.861484
1.053	0.494507	0.86597
1.062	0.486605	0.870385
1.071	0.478668	0.874728
1.08	0.470698	0.879001
1.089	0.462693	0.883201
1.098	0.454655	0.887329
1.107	0.446585	0.891385
1.116	0.438482	0.895367
1.125	0.430348	0.899277
1.134	0.422183	0.903114
1.143	0.413988	0.906876
1.152	0.405763	0.910565
1.161	0.397509	0.91418
1.17	0.389226	0.91772
1.179	0.380915	0.921186
1.188	0.372576	0.924577
1.197	0.36421	0.927892
1.206	0.355818	0.931132
1.215	0.347401	0.934297
1.224	0.338957	0.937385
1.233	0.33049	0.940398
1.242	0.321998	0.943334
1.251	0.313482	0.946194
1.26	0.304943	0.948977
1.269	0.296382	0.951683
1.278	0.287799	0.954312
1.287	0.279195	0.956863
1.296	0.27057	0.959337
1.305	0.261925	0.961733
1.314	0.25326	0.964052
1.323	0.244576	0.966292
1.332	0.235873	0.968454
1.341	0.227152	0.970538
1.35	0.218414	0.972543
1.359	0.20966	0.974469
1.368	0.200889	0.976316
1.377	0.192102	0.978085
1.386	0.1833	0.979774
1.395	0.174484	0.981384
1.404	0.165653	0.982915
1.413	0.156809	0.984366
1.422	0.147952	0.985737
1.431	0.139083	0.987029
1.44	0.130202	0.988241
1.449	0.12131	0.989373
1.458	0.112407	0.990424
1.467	0.103495	0.991396
1.476	0.0945723	0.992287
1.485	0.0856411	0.993098
1.494	0.0767014	0.993829
1.503	0.067754	0.994479
1.512	0.0587993	0.995048
1.521	0.0498383	0.995537
1.53	0.0408715	0.995945
1.539	0.0318999	0.996273
1.548	0.0229241	0.99652
1.557	0.013945	0.996686
1.566	0.00496316	0.996771
1.575	-0.00402042	0.996775
1.584	-0.0130051	0.996698
1.593	-0.0219902	0.996541
1.602	-0.0309748	0.996302
1.611	-0.0399583	0.995983
1.62	-0.0489398	0.995583
1.629	-0.0579187	0.995102
1.638	-0.066894	0.994541
1.647	-0.0758651	0.993898
1.656	-0.0848312	0.993175
1.665	-0.0937916	0.992371
1.674	-0.102745	0.991487
1.683	-0.111692	0.990522
1.692	-0.120631	0.989477
1.701	-0.12956	0.988351
1.71	-0.138481	0.987144
1.719	-0.14739	0.985858
1.728	-0.156289	0.984491
1.737	-0.165176	0.983045
1.746	-0.174051	0.981518
1.755	-0.182911	0.979912
1.764	-0.191758	0.978226
1.773	-0.20059	0.97646
1.782	-0.209407	0.974615
1.791	-0.218207	0.972691
1.8	-0.226989	0.970688
1.809	-0.235754	0.968605
1.818	-0.2445	0.966444
1.827	-0.253227	0.964204
1.836	-0.261934	0.961886
1.845	-0.270619	0.95949
1.854	-0.279283	0.957015
1.863	-0.287924	0.954463
1.872	-0.296542	0.951832
1.881	-0.305136	0.949125
1.89	-0.313705	0.94634
1.899	-0.322249	0.943478
1.908	-0.330766	0.94054
1.917	-0.339257	0.937525
1.926	-0.347719	0.934433
1.935	-0.356153	0.931266
1.944	-0.364558	0.928023
1.953	-0.372932	0.924704
1.962	-0.381276	0.92131
1.971	-0.389588	0.917841
1.98	-0.397867	0.914297
1.989	-0.406114	0.910679
1.998	-0.414326	0.906987
2.007	-0.422504	0.903222
2.016	-0.430647	0.899382
2.025	-0.438754	0.89547
2.034	-0.446824	0.891485
2.043	-0.454857	0.887427
2.052	-0.462853	0.883298
2.061	-0.470811	0.879096
2.07	-0.47873	0.874823
2.079	-0.48661	0.870479
2.088	-0.49445	0.866064
2.097	-0.50225	0.861579
2.106	-0.510008	0.857024
2.115	-0.517726	0.852399
2.124	-0.525401	0.847705
2.133	-0.533034	0.842942
2.142	-0.540623	0.838111
2.151	-0.548169	0.833211
2.16	-0.55567	0.828244
2.169	-0.563127	0.823209
2.178	-0.570538	0.818107
2.187	-0.577903	0.81294
2.196	-0.585222	0.807705
2.205	-0.592494	0.802406
2.214	-0.599718	0.797041
2.223	-0.606893	0.791611
2.232	-0.61402	0.786117
2.241	-0.621097	0.780559
2.25	-0.628125	0.774937
2.259	-0.635102	0.769253
2.268	-0.642028	0.763505
2.277	-0.648902	0.757696
2.286	-0.655725	0.751825
2.295	-0.662494	0.745893
2.304	-0.66921	0.739901
2.313	-0.675873	0.733848
2.322	-0.68248	0.727735
2.331	-0.689033	0.721563
2.34	-0.69553	0.715333
2.349	-0.701972	0.709044
2.358	-0.708356	0.702697
2.367	-0.714683	0.696294
2.376	-0.720953	0.689833
2.385	-0.727164	0.683317
2.394	-0.733316	0.676744
2.403	-0.739408	0.670117
2.412	-0.745441	0.663435
2.421	-0.751413	0.656699
2.43	-0.757323	0.64991
2.439	-0.763172	0.643068
2.448	-0.768959	0.636173
2.457	-0.774682	0.629227
2.466	-0.780343	0.622229
2.475	-0.785939	0.615181
2.484	-0.791471	0.608082
2.493	-0.796937	0.600934
2.502	-0.802338	0.593738
2.511	-0.807673	0.586492
2.52	-0.812941	0.5792
2.529	-0.818142	0.57186
2.538	-0.823276	0.564473
2.547	-0.828344	0.557041
2.556	-0.833343	0.549563
2.565	-0.838274	0.542041
2.574	-0.843138	0.534475
2.583	-0.847932	0.526865
2.592	-0.852658	0.519212
2.601	-0.857315	0.511517
2.61	-0.861903	0.503781
2.619	-0.866421	0.496003
2.628	-0.870869	0.488185
2.637	-0.875247	0.480328
2.646	-0.879555	0.472431
2.655	-0.883792	0.464496
2.664	-0.887957	0.456523
2.673	-0.892052	0.448513
2.682	-0.896075	0.440466
2.691	-0.900026	0.432384
2.7	-0.903904	0.424266
2.709	-0.907711	0.416114
2.718	-0.911444	0.407927
2.727	-0.915105	0.399708
2.736	-0.918692	0.391456
2.745	-0.922206	0.383172
2.754	-0.925646	0.374856
2.763	-0.929012	0.36651
2.772	-0.932303	0.358134
2.781	-0.935519	0.349729
2.79	-0.938661	0.341295
2.799	-0.941727	0.332833
2.808	-0.944718	0.324344
2.817	-0.947633	0.315829
2.826	-0.950472	0.307287
2.835	-0.953234	0.29872
2.844	-0.95592	0.290129
2.853	-0.958528	0.281514
2.862	-0.96106	0.272876
2.871	-0.963513	0.264215
2.88	-0.965889	0.255533
2.889	-0.968187	0.246829
2.898	-0.970407	0.238106
2.907	-0.972547	0.229362
2.916	-0.974609	0.2206
2.925	-0.976592	0.21182
2.934	-0.978495	0.203022
2.943	-0.980318	0.194207
2.952	-0.982061	0.185376
2.961	-0.983724	0.17653
2.97	-0.985305	0.16767
2.979	-0.986807	0.158795
2.988	-0.988226	0.149907
2.997	-0.989565	0.141007
3.006	-0.990821	0.132095
3.015	-0.991996	0.123173
3.024	-0.993089	0.11424
3.033	-0.9941	0.105297
3.042	-0.995029	0.0963461
3.051	-0.995877	0.0873869
3.06	-0.996644	0.0784204
3.069	-0.997329	0.0694476
3.078	-0.997933	0.0604688
3.087	-0.998456	0.051485
3.096	-0.998897	0.0424968
3.105	-0.999258	0.0335052
3.114	-0.999537	0.0245105
3.123	-0.999736	0.0155136
3.132	-0.999854	0.00651534
3.141	-0.999891	-0.0024834
3.15	-0.999848	-0.0114823
3.159	-0.999723	-0.0204805
3.168	-0.999519	-0.029477
3.177	-0.999234	-0.0384715
3.186	-0.998869	-0.0474631
3.195	-0.998423	-0.056451
3.204	-0.997898	-0.0654344
3.213	-0.997292	-0.0744128
3.222	-0.996606	-0.0833855
3.231	-0.99584	-0.0923516
3.24	-0.994995	-0.10131
3.249	-0.99407	-0.110261
3.258	-0.993065	-0.119203
3.267	-0.99198	-0.128136
3.276	-0.990816	-0.137059
3.285	-0.989573	-0.145971
3.294	-0.98825	-0.154871
3.303	-0.986847	-0.163759
3.312	-0.985366	-0.172634
3.321	-0.983806	-0.181495
3.33	-0.982166	-0.190342
3.339	-0.980448	-0.199174
3.348	-0.97865	-0.20799
3.357	-0.976774	-0.216789
3.366	-0.974819	-0.225572
3.375	-0.972786	-0.234336
3.384	-0.970674	-0.243082
3.393	-0.968483	-0.251808
3.402	-0.966214	-0.260514
3.411	-0.963867	-0.269199
3.42	-0.961442	-0.277863
3.429	-0.958938	-0.286505
3.438	-0.956357	-0.295124
3.447	-0.953697	-0.303719
3.456	-0.950959	-0.31229
3.465	-0.948144	-0.320836
3.474	-0.945251	-0.329357
3.483	-0.94228	-0.337851
3.492	-0.939232	-0.346318
3.501	-0.936106	-0.354757
3.51	-0.932902	-0.363167
3.519	-0.929622	-0.371549
3.528	-0.926265	-0.3799
3.537	-0.922832	-0.388221
3.546	-0.919324	-0.396511
3.555	-0.91574	-0.404769
3.564	-0.912081	-0.412994
3.573	-0.908348	-0.421186
3.582	-0.904541	-0.429344
3.591	-0.90066	-0.437468
3.6	-0.896706	-0.445556
3.609	-0.892679	-0.453608
3.618	-0.88858	-0.461624
3.627	-0.884409	-0.469602
3.636	-0.880166	-0.477543
3.645	-0.875852	-0.485445
3.654	-0.871468	-0.493308
3.663	-0.867014	-0.501131
3.672	-0.862489	-0.508914
3.681	-0.857896	-0.516656
3.69	-0.853233	-0.524356
3.699	-0.848501	-0.532014
3.708	-0.843702	-0.539629
3.717	-0.838835	-0.5472
3.726	-0.8339	-0.554728
3.735	-0.828899	-0.56221
3.744	-0.823831	-0.569648
3.753	-0.818698	-0.577039
3.762	-0.813498	-0.584384
3.771	-0.808234	-0.591682
3.78	-0.802904	-0.598932
3.789	-0.797511	-0.606134
3.798	-0.792053	-0.613287
3.807	-0.786532	-0.620391
3.816	-0.780948	-0.627444
3.825	-0.775301	-0.634447
3.834	-0.769592	-0.6414
3.843	-0.763821	-0.6483
3.852	-0.757989	-0.655148
3.861	-0.752095	-0.661944
3.87	-0.746141	-0.668686
3.879	-0.740127	-0.675374
3.888	-0.734054	-0.682008
3.897	-0.727921	-0.688587
3.906	-0.721729	-0.69511
3.915	-0.715479	-0.701578
3.924	-0.70917	-0.707989
3.933	-0.702804	-0.714343
3.942	-0.696381	-0.720639
3.951	-0.689901	-0.726877
3.96	-0.683365	-0.733057
3.969	-0.676773	-0.739178
3.978	-0.670125	-0.745239
3.987	-0.663422	-0.75124
3.996	-0.656665	-0.75718
4.005	-0.649853	-0.763059
4.014	-0.642987	-0.768877
4.023	-0.636069	-0.774633
4.032	-0.629098	-0.780326
4.041	-0.622075	-0.785957
4.05	-0.615002	-0.791524
4.059	-0.607878	-0.797027
4.068	-0.600704	-0.802465
4.077	-0.593481	-0.807839
4.086	-0.58621	-0.813148
4.095	-0.578891	-0.818391
4.104	-0.571525	-0.823568
4.113	-0.564112	-0.828678
4.122	-0.556654	-0.833722
4.131	-0.549151	-0.838698
4.14	-0.541603	-0.843606
4.149	-0.534011	-0.848446
4.158	-0.526376	-0.853218
4.167	-0.518699	-0.857921
4.176	-0.51098	-0.862555
4.185	-0.503219	-0.867119
4.194	-0.495419	-0.871612
4.203	-0.487578	-0.876036
4.212	-0.479698	-0.880389
4.221	-0.47178	-0.88467
4.23	-0.463823	-0.888881
4.239	-0.45583	-0.893019
4.248	-0.4478	-0.897085
4.257	-0.439734	-0.90108
4.266	-0.431633	-0.905001
4.275	-0.423497	-0.908849
4.284	-0.415327	-0.912624
4.293	-0.407125	-0.916325
4.302	-0.398889	-0.919952
4.311	-0.390622	-0.923504
4.32	-0.382323	-0.926983
4.329	-0.373993	-0.930386
4.338	-0.365634	-0.933715
4.347	-0.357246	-0.936967
4.356	-0.348828	-0.940145
4.365	-0.340383	-0.943246
4.374	-0.331911	-0.946272
4.383	-0.323412	-0.949221
4.392	-0.314886	-0.952093
4.401	-0.306336	-0.954889
4.41	-0.297761	-0.957607
4.419	-0.289162	-0.960248
4.428	-0.280539	-0.962812
4.437	-0.271894	-0.965298
4.446	-0.263226	-0.967706
4.455	-0.254537	-0.970036
4.464	-0.245828	-0.972287
4.473	-0.237099	-0.974461
4.482	-0.228349	-0.976555
4.491	-0.219582	-0.978571
4.5	-0.210796	-0.980508
4.509	-0.201993	-0.982365
4.518	-0.193173	-0.984143
4.527	-0.184337	-0.985842
4.536	-0.175486	-0.987461
4.545	-0.166621	-0.989001
4.554	-0.157741	-0.990461
4.563	-0.148849	-0.99184
4.572	-0.139944	-0.99314
4.581	-0.131028	-0.994359
4.59	-0.122101	-0.995498
4.599	-0.113164	-0.996557
4.608	-0.104218	-0.997535
4.617	-0.0952628	-0.998433
4.626	-0.0862996	-0.99925
4.635	-0.0773298	-0.999986
4.644	-0.0683536	-1.00064
4.653	-0.0593713	-1.00122
4.662	-0.0503846	-1.00171
4.671	-0.0413931	-1.00212
4.68	-0.0323987	-1.00246
4.689	-0.0234016	-1.00271
4.698	-0.0144021	-1.00288
4.707	-0.00540175	-1.00297
4.716	0.00359908	-1.00297
4.725	0.0126002	-1.0029
4.734	0.0215998	-1.00275
4.743	0.0305982	-1.00251
4.752	0.0395937	-1.0022
4.761	0.048586	-1.0018
4.77	0.0575749	-1.00132
4.779	0.0665586	-1.00076
4.788	0.075537	-1.00012
4.797	0.0845097	-0.999404
4.806	0.0934751	-0.998603
4.815	0.102433	-0.997721
4.824	0.111383	-0.996759
4.833	0.120323	-0.995716
4.842	0.129254	-0.994593
4.851	0.138174	-0.99339
4.86	0.147083	-0.992106
4.869	0.155981	-0.990742
4.878	0.164865	-0.989298
4.887	0.173735	-0.987775
4.896	0.182592	-0.986171
4.905	0.191434	-0.984488
4.914	0.200259	-0.982726
4.923	0.209069	-0.980883
4.932	0.217861	-0.978962
4.941	0.226636	-0.976962
4.95	0.235392	-0.974883
4.959	0.244128	-0.972725
4.968	0.252845	-0.970489
4.977	0.26154	-0.968174
4.986	0.270214	-0.965781
4.995	0.278866	-0.96331
5.004	0.287494	-0.960762
5.013	0.296099	-0.958135
5.022	0.304679	-0.955432
5.031	0.313235	-0.952651
5.04	0.321765	-0.949794
5.049	0.330268	-0.946859
5.058	0.338745	-0.943849
5.067	0.347194	-0.940762
5.076	0.355615	-0.9376
5.085	0.364007	-0.934361
5.094	0.37237	-0.931047
5.103	0.380703	-0.927659
5.112	0.389005	-0.924195
5.121	0.397275	-0.920657
5.13	0.405514	-0.917044
5.139	0.41372	-0.913357
5.148	0.421893	-0.909597
5.157	0.430032	-0.905764
5.166	0.438136	-0.901857
5.175	0.446206	-0.897877
5.184	0.454239	-0.893825
5.193	0.462236	-0.889701
5.202	0.470196	-0.885505
5.211	0.478119	-0.881237
5.22	0.486003	-0.876899
5.229	0.493848	-0.87249
5.238	0.501654	-0.86801
5.247	0.50942	-0.86346
5.256	0.517144	-0.85884
5.265	0.524828	-0.854151
5.274	0.532469	-0.849394
5.283	0.540067	-0.844567
5.292	0.547622	-0.839672
5.301	0.555133	-0.83471
5.31	0.5626	-0.82968
5.319	0.570021	-0.824583
5.328	0.577396	-0.81942
5.337	0.584725	-0.81419
5.346	0.592006	-0.808895
5.355	0.59924	-0.803535
5.364	0.606426	-0.798109
5.373	0.613562	-0.792619
5.382	0.620648	-0.787065
5.391	0.627685	-0.781447
5.4	0.63467	-0.775767
5.409	0.641604	-0.770023
5.418	0.648485	-0.764218
5.427	0.655314	-0.758351
5.436	0.662089	-0.752423
5.445	0.66881	-0.746434
5.454	0.675476	-0.740384
5.463	0.682087	-0.734275
5.472	0.688642	-0.728107
5.481	0.69514	-0.72188
5.49	0.701581	-0.715594
5.499	0.707964	-0.709252
5.508	0.714289	-0.702851
5.517	0.720554	-0.696394
5.526	0.72676	-0.689882
5.535	0.732907	-0.683313
5.544	0.738993	-0.676689
5.553	0.745019	-0.670011
5.562	0.750984	-0.663279
5.571	0.756888	-0.656494
5.58	0.76273	-0.649655
5.589	0.768511	-0.642765
5.598	0.774229	-0.635823
5.607	0.779884	-0.628829
5.616	0.785477	-0.621785
5.625	0.791005	-0.614691
5.634	0.796471	-0.607547
5.643	0.801872	-0.600354
5.652	0.807208	-0.593113
5.661	0.812479	-0.585825
5.67	0.817686	-0.578489
5.679	0.822826	-0.571106
5.688	0.827901	-0.563678
5.697	0.832909	-0.556205
5.706	0.83785	-0.548686
5.715	0.842724	-0.541123
5.724	0.847531	-0.533517
5.733	0.852269	-0.525868
5.742	0.85694	-0.518177
5.751	0.861541	-0.510443
5.76	0.866074	-0.502669
5.769	0.870537	-0.494854
5.778	0.874931	-0.486999
5.787	0.879254	-0.479106
5.796	0.883507	-0.471173
5.805	0.887689	-0.463203
5.814	0.8918	-0.455195
5.823	0.895839	-0.44715
5.832	0.899806	-0.43907
5.841	0.903701	-0.430954
5.85	0.907523	-0.422804
5.859	0.911272	-0.414619
5.868	0.914947	-0.406401
5.877	0.918549	-0.39815
5.886	0.922076	-0.389867
5.895	0.925529	-0.381553
5.904	0.928906	-0.373208
5.913	0.932208	-0.364833
5.922	0.935435	-0.356428
5.931	0.938585	-0.347995
5.94	0.941659	-0.339534
5.949	0.944656	-0.331046
5.958	0.947576	-0.322531
5.967	0.950418	-0.31399
5.976	0.953183	-0.305423
5.985	0.955869	-0.296833
5.994	0.958476	-0.288218
6.003	0.961004	-0.27958
6.012	0.963453	-0.27092
6.021	0.965822	-0.262238
6.03	0.968112	-0.253536
6.039	0.970323	-0.244813
6.048	0.972454	-0.23607
6.057	0.974506	-0.227309
6.066	0.976478	-0.218529
6.075	0.97837	-0.209732
6.084	0.980183	-0.200919
6.093	0.981917	-0.192089
6.102	0.98357	-0.183244
6.111	0.985144	-0.174385
6.12	0.986639	-0.165512
6.129	0.988053	-0.156626
6.138	0.989388	-0.147728
6.147	0.990643	-0.138817
6.156	0.991818	-0.129896
6.165	0.992913	-0.120964
6.174	0.993929	-0.112024
6.183	0.994864	-0.103074
6.192	0.995719	-0.0941163
6.201	0.996495	-0.0851515
6.21	0.99719	-0.07618
6.219	0.997806	-0.0672022
6.228	0.998341	-0.0582196
6.237	0.998796	-0.0492326
6.246	0.999172	-0.0402414
6.255	0.999467	-0.0312477
6.264	0.999681	-0.0222511
6.273	0.999816	-0.0132535
6.282	0.99987	-0.00425504
6.291	0.999844	0.00474404
6.3	0.999738	0.013742
6.309	0.999551	0.0227387
6.318	0.999284	0.0317338
6.327	0.998937	0.0407257
6.336	0.998509	0.0497141
6.345	0.998	0.0586988
6.354	0.997411	0.067678
6.363	0.996742	0.0766521
6.372	0.995992	0.0856192
6.381	0.995161	0.0945793
6.39	0.99425	0.103532
6.399	0.993258	0.112476
6.408	0.992186	0.12141
6.417	0.991033	0.130335
6.426	0.989799	0.139249
6.435	0.988484	0.148151
6.444	0.987088	0.157041
6.453	0.985612	0.165918
6.462	0.984055	0.174782
6.471	0.982417	0.183631
6.48	0.980698	0.192465
6.489	0.978898	0.201284
6.498	0.977017	0.210085
6.507	0.975055	0.218869
6.516	0.973012	0.227636
6.525	0.970889	0.236383
6.534	0.968686	0.245112
6.543	0.966403	0.25382
6.552	0.964041	0.262506
6.561	0.961599	0.271172
6.57	0.95908	0.279815
6.579	0.956482	0.288435
6.588	0.953806	0.297032
6.597	0.951052	0.305603
6.606	0.948221	0.31415
6.615	0.945314	0.322671
6.624	0.94233	0.331166
6.633	0.939269	0.339633
6.642	0.936133	0.348072
6.651	0.932922	0.356483
6.66	0.929635	0.364865
6.669	0.926274	0.373216
6.678	0.922838	0.381537
6.687	0.919328	0.389827
6.696	0.915745	0.398085
6.705	0.912088	0.406311
6.714	0.908358	0.414502
6.723	0.904556	0.42266
6.732	0.900681	0.430784
6.741	0.896735	0.438873
6.75	0.892717	0.446925
6.759	0.888627	0.454941
6.768	0.884467	0.46292
6.777	0.880237	0.470861
6.786	0.875936	0.478764
6.795	0.871565	0.486628
6.804	0.867125	0.494452
6.813	0.862616	0.502236
6.822	0.858038	0.509979
6.831	0.853392	0.517681
6.84	0.848677	0.52534
6.849	0.843896	0.532956
6.858	0.839046	0.54053
6.867	0.83413	0.548059
6.876	0.829147	0.555544
6.885	0.824098	0.562984
6.894	0.818983	0.570378
6.903	0.813802	0.577725
6.912	0.808557	0.585026
6.921	0.803246	0.592279
6.93	0.797871	0.599484
6.939	0.792432	0.606641
6.948	0.786929	0.613748
6.957	0.781362	0.620805
6.966	0.775733	0.627812
6.975	0.77004	0.634768
6.984	0.764286	0.641673
6.993	0.758469	0.648525
7.002	0.752591	0.655325
7.011	0.746651	0.662071
7.02	0.740651	0.668764
7.029	0.73459	0.675403
7.038	0.72847	0.681987
7.047	0.722291	0.688515
7.056	0.716053	0.694988
7.065	0.709756	0.701404
7.074	0.703402	0.707763
7.083	0.696992	0.714065
7.092	0.690524	0.720309
7.101	0.684001	0.726495
7.11	0.677422	0.732621
7.119	0.670788	0.738688
7.128	0.664099	0.744695
7.137	0.657357	0.750641
7.146	0.650561	0.756527
7.155	0.643713	0.762351
7.164	0.636812	0.768114
7.173	0.629859	0.773814
7.182	0.622855	0.779451
7.191	0.6158	0.785025
7.2	0.608695	0.790535
7.209	0.60154	0.795981
7.218	0.594336	0.801363
7.227	0.587083	0.806679
7.236	0.579782	0.81193
7.245	0.572434	0.817115
7.254	0.565038	0.822234
7.263	0.557596	0.827286
7.272	0.550107	0.832271
7.281	0.542574	0.837188
7.29	0.534995	0.842037
7.299	0.527372	0.846817
7.308	0.519704	0.851529
7.317	0.511993	0.856172
7.326	0.50424	0.860745
7.335	0.496444	0.865248
7.344	0.488606	0.869681
7.353	0.480727	0.874043
7.362	0.472807	0.878334
7.371	0.464846	0.882553
7.38	0.456847	0.886701
7.389	0.448807	0.890776
7.398	0.440729	0.894779
7.407	0.432613	0.898709
7.416	0.424459	0.902566
7.425	0.416268	0.90635
7.434	0.408041	0.910059
7.443	0.399777	0.913694
7.452	0.391477	0.917255
7.461	0.383143	0.920741
7.47	0.374774	0.924151
7.479	0.366372	0.927487
7.488	0.357935	0.930746
7.497	0.349466	0.933929
7.506	0.340964	0.937036
7.515	0.332431	0.940067
7.524	0.323867	0.94302
7.533	0.315274	0.945896
7.542	0.306653	0.948695
7.551	0.298004	0.951416
7.56	0.289329	0.954059
7.569	0.280628	0.956624
7.578	0.271903	0.95911
7.587	0.263154	0.961518
7.596	0.254384	0.963847
7.605	0.245592	0.966097
7.614	0.23678	0.968267
7.623	0.22795	0.970359
7.632	0.219101	0.97237
7.641	0.210235	0.974302
7.65	0.201353	0.976155
7.659	0.192456	0.977927
7.668	0.183545	0.979619
7.677	0.174621	0.98123
7.686	0.165685	0.982762
7.695	0.156739	0.984213
7.704	0.147783	0.985583
7.713	0.138818	0.986873
7.722	0.129846	0.988082
7.731	0.120866	0.98921
7.74	0.111881	0.990257
7.749	0.102892	0.991224
7.758	0.0938987	0.992109
7.767	0.0849033	0.992914
7.776	0.0759065	0.993638
7.785	0.0669088	0.99428
7.794	0.0579121	0.994842
7.803	0.0489171	0.995323
7.812	0.0399242	0.995723
7.821	0.0309356	0.996041
7.83	0.0219517	0.996279
7.839	0.0129731	0.996437
7.848	0.00400177	0.996513
7.857	-0.00496215	0.996509
7.866	-0.0139167	0.996424
7.875	-0.0228613	0.996258
7.884	-0.0317954	0.996012
7.893	-0.0407171	0.995686
7.902	-0.0496257	0.995279
7.911	-0.0585206	0.994793
7.92	-0.0674	0.994226
7.929	-0.0762633	0.99358
7.938	-0.0851098	0.992853
7.947	-0.0939376	0.992048
7.956	-0.102747	0.991162
7.965	-0.111535	0.990198
7.974	-0.120302	0.989155
7.983	-0.129047	0.988033
7.992	-0.137768	0.986832
8.001	-0.146465	0.985553
8.01	-0.155136	0.984196
8.019	-0.163784	0.982761
8.028	-0.172406	0.981248
8.037	-0.181004	0.979657
8.046	-0.189579	0.97799
8.055	-0.198131	0.976245
8.064	-0.20666	0.974424
8.073	-0.215168	0.972525
8.082	-0.223653	0.970551
8.091	-0.232117	0.9685
8.1	-0.240561	0.966373
8.109	-0.248984	0.96417
8.118	-0.257388	0.961891
8.127	-0.265772	0.959537
8.136	-0.274137	0.957107
8.145	-0.282484	0.954602
8.154	-0.290812	0.952023
8.163	-0.299124	0.949368
8.172	-0.307418	0.946638
8.181	-0.315695	0.943834
8.19	-0.323956	0.940956
8.199	-0.332201	0.938003
8.208	-0.340431	0.934976
8.217	-0.348647	0.931875
8.226	-0.356848	0.928701
8.235	-0.365035	0.925452
8.244	-0.373208	0.92213
8.253	-0.381369	0.918735
8.262	-0.389517	0.915265
8.271	-0.397653	0.911723
8.28	-0.405778	0.908108
8.289	-0.413891	0.904419
8.298	-0.421993	0.900658
8.307	-0.430085	0.896824
8.316	-0.438168	0.892916
8.325	-0.446241	0.888936
8.334	-0.454305	0.884884
8.343	-0.462361	0.880759
8.352	-0.470409	0.876562
8.361	-0.47845	0.872291
8.37	-0.486483	0.867949
8.379	-0.494509	0.863535
8.388	-0.50253	0.859048
8.397	-0.510545	0.854489
8.406	-0.518554	0.849859
8.415	-0.52656	0.845155
8.424	-0.53456	0.84038
8.433	-0.542557	0.835533
8.442	-0.55055	0.830614
8.451	-0.55854	0.825624
8.46	-0.566528	0.82056
8.469	-0.574514	0.815426
8.478	-0.582498	0.810219
8.487	-0.590481	0.804941
8.496	-0.598464	0.799591
8.505	-0.602012	0.79418
8.514	-0.602012	0.788761
8.523	-0.602012	0.783343
8.532	-0.602012	0.777925
8.541	-0.602012	0.772507
8.55	-0.602012	0.767089
8.559	-0.602012	0.761671
8.568	-0.602012	0.756253
8.577	-0.602012	0.750835
8.586	-0.602012	0.745417
8.595	-0.602012	0.739999
8.604	-0.602012	0.73458
8.613	-0.602012	0.729162
8.622	-0.602012	0.723744
8.631	-0.602012	0.718326
8.64	-0.602012	0.712908
8.649	-0.602012	0.70749
8.658	-0.602012	0.702072
8.667	-0.602012	0.696654
8.676	-0.602012	0.691236
8.685	-0.602012	0.685818
8.694	-0.602012	0.6804
8.703	-0.602012	0.674981
8.712	-0.602012	0.669563
8.721	-0.602012	0.664145
8.73	-0.602012	0.658727
8.739	-0.602012	0.653309
8.748	-0.602012	0.647891
8.757	-0.602012	0.642472
8.766	-0.602012	0.637054
8.775	-0.602012	0.631636
8.784	-0.602012	0.626218
8.793	-0.602012	0.6208
8.802	-0.602012	0.615382
8.811	-0.602012	0.609964
8.82	-0.602012	0.604546
8.829	-0.602012	0.599128
8.838	-0.602012	0.59371
8.847	-0.602012	0.588292
8.856	-0.602012	0.582873
8.865	-0.602012	0.577455
8.874	-0.602012	0.572037
8.883	-0.602012	0.566619
8.892	-0.602012	0.561201
8.901	-0.602012	0.555783
8.91	-0.602012	0.550365
8.919	-0.602012	0.544947
8.928	-0.602012	0.539529
8.937	-0.602012	0.534111
8.946	-0.602012	0.528693
8.955	-0.602012	0.523274
8.964	-0.602012	0.517856
8.973	-0.602012	0.512438
8.982	-0.602012	0.50702
8.991	-0.602012	0.501602
