-3 0.0146159 -0.000118185
-2.99 0.0153162 -0.000127209
-2.98 0.0160426 -0.000136532
-2.97 0.0167957 -0.000146129
-2.96 0.0175758 -0.000155971
-2.95 0.0183834 -0.000166023
-2.94 0.0192191 -0.000176246
-2.93 0.0200833 -0.000186593
-2.92 0.0209764 -0.000197013
-2.91 0.0218988 -0.000207448
-2.9 0.022851 -0.000217833
-2.89 0.0238332 -0.000228095
-2.88 0.024846 -0.000238155
-2.87 0.0258895 -0.000247925
-2.86 0.0269642 -0.000257309
-2.85 0.0280702 -0.000266203
-2.84 0.0292079 -0.000274495
-2.83 0.0303775 -0.000282063
-2.82 0.0315791 -0.000288776
-2.81 0.0328131 -0.000294493
-2.8 0.0340794 -0.000299066
-2.79 0.0353782 -0.000302334
-2.78 0.0367095 -0.00030413
-2.77 0.0380734 -0.000304275
-2.76 0.0394699 -0.000302581
-2.75 0.0408989 -0.000298853
-2.74 0.0423604 -0.000292883
-2.73 0.0438541 -0.000284457
-2.72 0.0453799 -0.000273352
-2.71 0.0469376 -0.000259337
-2.7 0.0485269 -0.000242175
-2.69 0.0501474 -0.000221619
-2.68 0.0517989 -0.00019742
-2.67 0.0534808 -0.000169322
-2.66 0.0551927 -0.000137065
-2.65 0.0569341 -0.000100388
-2.64 0.0587043 -5.90261e-05
-2.63 0.0605027 -1.27159e-05
-2.62 0.0623287 3.88048e-05
-2.61 0.0641813 9.57952e-05
-2.6 0.0660599 0.00015851
-2.59 0.0679636 0.000227195
-2.58 0.0698913 0.000302091
-2.57 0.0718421 0.000383422
-2.56 0.0738149 0.000471403
-2.55 0.0758086 0.000566231
-2.54 0.0778219 0.000668083
-2.53 0.0798537 0.000777116
-2.52 0.0819025 0.00089346
-2.51 0.083967 0.00101722
-2.5 0.0860458 0.00114847
-2.49 0.0881372 0.00128724
-2.48 0.0902397 0.00143354
-2.47 0.0923517 0.00158732
-2.46 0.0944715 0.0017485
-2.45 0.0965972 0.00191694
-2.44 0.0987269 0.00209246
-2.43 0.100859 0.00227481
-2.42 0.102991 0.00246368
-2.41 0.105121 0.00265871
-2.4 0.107248 0.00285947
-2.39 0.109368 0.00306544
-2.38 0.11148 0.00327604
-2.37 0.113581 0.00349063
-2.36 0.11567 0.00370844
-2.35 0.117743 0.00392866
-2.34 0.119798 0.00415038
-2.33 0.121833 0.00437258
-2.32 0.123846 0.00459418
-2.31 0.125833 0.00481397
-2.3 0.127792 0.00503066
-2.29 0.12972 0.00524287
-2.28 0.131615 0.0054491
-2.27 0.133474 0.00564778
-2.26 0.135294 0.0058372
-2.25 0.137072 0.00601558
-2.24 0.138805 0.00618102
-2.23 0.140492 0.00633156
-2.22 0.142127 0.00646509
-2.21 0.14371 0.00657946
-2.2 0.145236 0.0066724
-2.19 0.146704 0.00674157
-2.18 0.148109 0.00678454
-2.17 0.149449 0.00679882
-2.16 0.150722 0.00678186
-2.15 0.151923 0.00673104
-2.14 0.153051 0.00664369
-2.13 0.154102 0.00651711
-2.12 0.155074 0.00634858
-2.11 0.155963 0.00613534
-2.1 0.156766 0.00587466
-2.09 0.157482 0.00556378
-2.08 0.158106 0.0052
-2.07 0.158637 0.00478064
-2.06 0.159072 0.00430309
-2.05 0.159407 0.00376481
-2.04 0.15964 0.00316335
-2.03 0.15977 0.00249637
-2.02 0.159792 0.00176167
-2.01 0.159706 0.000957191
-2 0.159508 8.10595e-05
-1.99 0.159196 -0.000868399
-1.98 0.158768 -0.00189265
-1.97 0.158222 -0.00299292
-1.96 0.157556 -0.00417017
-1.95 0.156768 -0.00542505
-1.94 0.155855 -0.00675792
-1.93 0.154817 -0.00816881
-1.92 0.153652 -0.00965736
-1.91 0.152358 -0.0112229
-1.9 0.150934 -0.0128642
-1.89 0.149378 -0.0145797
-1.88 0.14769 -0.0163674
-1.87 0.145868 -0.0182249
-1.86 0.143911 -0.0201491
-1.85 0.141818 -0.0221365
-1.84 0.13959 -0.0241831
-1.83 0.137225 -0.0262843
-1.82 0.134722 -0.028435
-1.81 0.132083 -0.0306294
-1.8 0.129306 -0.0328613
-1.79 0.126392 -0.0351237
-1.78 0.12334 -0.037409
-1.77 0.120152 -0.0397093
-1.76 0.116828 -0.0420157
-1.75 0.113368 -0.0443189
-1.74 0.109773 -0.046609
-1.73 0.106044 -0.0488755
-1.72 0.102183 -0.0511072
-1.71 0.0981899 -0.0532924
-1.7 0.0940669 -0.055419
-1.69 0.0898155 -0.0574742
-1.68 0.0854373 -0.0594448
-1.67 0.0809344 -0.061317
-1.66 0.0763087 -0.0630766
-1.65 0.0715625 -0.0647092
-1.64 0.0666981 -0.0661998
-1.63 0.061718 -0.0675332
-1.62 0.056625 -0.0686939
-1.61 0.0514217 -0.0696664
-1.6 0.0461113 -0.0704347
-1.59 0.0406967 -0.070983
-1.58 0.0351812 -0.0712954
-1.57 0.0295682 -0.0713562
-1.56 0.0238612 -0.0711495
-1.55 0.0180639 -0.0706599
-1.54 0.0121801 -0.0698722
-1.53 0.0062135 -0.0687715
-1.52 0.000168217 -0.0673437
-1.51 -0.00595151 -0.0655747
-1.5 -0.0121415 -0.0634516
-1.49 -0.0183974 -0.0609618
-1.48 -0.0247148 -0.0580939
-1.47 -0.0310891 -0.054837
-1.46 -0.0375157 -0.0511817
-1.45 -0.0439897 -0.0471194
-1.44 -0.0505065 -0.0426428
-1.43 -0.0570612 -0.0377458
-1.42 -0.0636486 -0.032424
-1.41 -0.0702639 -0.0266742
-1.4 -0.076902 -0.020495
-1.39 -0.0835577 -0.0138863
-1.38 -0.0902257 -0.00685026
-1.37 -0.096901 0.000609439
-1.36 -0.103578 0.00848718
-1.35 -0.110252 0.0167753
-1.34 -0.116917 0.0254643
-1.33 -0.123568 0.0345423
-1.32 -0.130199 0.0439955
-1.31 -0.136806 0.0538078
-1.3 -0.143383 0.0639609
-1.29 -0.149924 0.0744344
-1.28 -0.156425 0.0852056
-1.27 -0.162879 0.0962494
-1.26 -0.169282 0.107538
-1.25 -0.175629 0.119043
-1.24 -0.181913 0.130732
-1.23 -0.188131 0.142572
-1.22 -0.194276 0.154525
-1.21 -0.200345 0.166555
-1.2 -0.206331 0.17862
-1.19 -0.21223 0.19068
-1.18 -0.218037 0.20269
-1.17 -0.223747 0.214604
-1.16 -0.229356 0.226377
-1.15 -0.234859 0.237958
-1.14 -0.240251 0.249298
-1.13 -0.245528 0.260347
-1.12 -0.250685 0.271051
-1.11 -0.255719 0.281358
-1.1 -0.260626 0.291216
-1.09 -0.2654 0.300569
-1.08 -0.270039 0.309363
-1.07 -0.274539 0.317546
-1.06 -0.278896 0.325061
-1.05 -0.283106 0.331857
-1.04 -0.287166 0.33788
-1.03 -0.291074 0.343079
-1.02 -0.294825 0.347402
-1.01 -0.298417 0.3508
-1 -0.301847 0.353227
-0.99 -0.305112 0.354636
-0.98 -0.30821 0.354983
-0.97 -0.311138 0.354228
-0.96 -0.313895 0.352332
-0.95 -0.316478 0.34926
-0.94 -0.318885 0.34498
-0.93 -0.321114 0.339463
-0.92 -0.323164 0.332684
-0.91 -0.325033 0.324621
-0.9 -0.32672 0.315258
-0.89 -0.328224 0.30458
-0.88 -0.329543 0.292581
-0.87 -0.330677 0.279256
-0.86 -0.331626 0.264606
-0.85 -0.332388 0.248637
-0.84 -0.332963 0.23136
-0.83 -0.333351 0.212791
-0.82 -0.333552 0.192951
-0.81 -0.333566 0.171868
-0.8 -0.333393 0.149573
-0.79 -0.333033 0.126104
-0.78 -0.332488 0.101504
-0.77 -0.331756 0.0758208
-0.76 -0.330841 0.0491082
-0.75 -0.329741 0.0214251
-0.74 -0.328459 -0.00716478
-0.73 -0.326995 -0.0365923
-0.72 -0.325352 -0.0667837
-0.71 -0.323529 -0.0976602
-0.7 -0.32153 -0.129139
-0.69 -0.319355 -0.161132
-0.68 -0.317007 -0.193549
-0.67 -0.314487 -0.226293
-0.66 -0.311798 -0.259267
-0.65 -0.308942 -0.292368
-0.64 -0.305921 -0.325492
-0.63 -0.302738 -0.35853
-0.62 -0.299395 -0.391374
-0.61 -0.295895 -0.423912
-0.6 -0.292241 -0.456031
-0.59 -0.288435 -0.487619
-0.58 -0.28448 -0.51856
-0.57 -0.28038 -0.548741
-0.56 -0.276138 -0.578048
-0.55 -0.271757 -0.606368
-0.54 -0.26724 -0.633588
-0.53 -0.26259 -0.659599
-0.52 -0.257812 -0.684293
-0.51 -0.252908 -0.707565
-0.5 -0.247883 -0.729313
-0.49 -0.242739 -0.749438
-0.48 -0.237481 -0.767846
-0.47 -0.232113 -0.784447
-0.46 -0.226638 -0.799156
-0.45 -0.22106 -0.811892
-0.44 -0.215383 -0.822582
-0.43 -0.209612 -0.831158
-0.42 -0.203749 -0.837558
-0.41 -0.1978 -0.841726
-0.4 -0.191769 -0.843616
-0.39 -0.185659 -0.843186
-0.38 -0.179474 -0.840405
-0.37 -0.17322 -0.835246
-0.36 -0.1669 -0.827692
-0.35 -0.160518 -0.817736
-0.34 -0.154079 -0.805376
-0.33 -0.147587 -0.790621
-0.32 -0.141046 -0.773487
-0.31 -0.134461 -0.753998
-0.3 -0.127836 -0.73219
-0.29 -0.121175 -0.708104
-0.28 -0.114483 -0.68179
-0.27 -0.107764 -0.653308
-0.26 -0.101023 -0.622724
-0.25 -0.0942635 -0.590115
-0.24 -0.0874902 -0.555561
-0.23 -0.0807075 -0.519155
-0.22 -0.0739198 -0.480994
-0.21 -0.0671315 -0.441181
-0.2 -0.0603469 -0.39983
-0.19 -0.0535705 -0.357056
-0.18 -0.0468065 -0.312983
-0.17 -0.0400594 -0.26774
-0.16 -0.0333334 -0.22146
-0.15 -0.026633 -0.174281
-0.14 -0.0199624 -0.126344
-0.13 -0.013326 -0.0777955
-0.12 -0.00672807 -0.0287827
-0.11 -0.00017286 0.0205441
-0.1 0.00633537 0.0700326
-0.0900002 0.0127924 0.11953
-0.0800002 0.019194 0.168882
-0.0700002 0.025536 0.217935
-0.0600002 0.0318143 0.266537
-0.05 0.0380249 0.314535
-0.04 0.0441635 0.361779
-0.03 0.0502261 0.40812
-0.02 0.056209 0.453415
-0.00999999 0.062108 0.497521
0 0.0679194 0.540302
0.00999999 0.0736395 0.581625
0.02 0.0792644 0.621361
0.03 0.0847906 0.659389
0.04 0.0902145 0.695593
0.05 0.0955327 0.729862
0.0599999 0.100742 0.762094
0.0699999 0.105839 0.792192
0.0799999 0.11082 0.82007
0.0899999 0.115684 0.845647
0.0999999 0.120426 0.86885
0.11 0.125044 0.889617
0.12 0.129537 0.907893
0.13 0.1339 0.923631
0.14 0.138134 0.936794
0.15 0.142234 0.947355
0.16 0.146201 0.955295
0.17 0.150033 0.960604
0.18 0.153727 0.963283
0.19 0.157285 0.963338
0.2 0.160704 0.96079
0.21 0.163986 0.955662
0.22 0.167129 0.947993
0.23 0.170134 0.937824
0.24 0.173003 0.92521
0.25 0.175735 0.910209
0.26 0.178332 0.89289
0.27 0.180797 0.873329
0.28 0.183129 0.851608
0.29 0.185333 0.827817
0.3 0.187409 0.80205
0.31 0.18936 0.774411
0.32 0.191189 0.745005
0.33 0.192898 0.713944
0.34 0.19449 0.681346
0.35 0.195966 0.64733
0.36 0.197329 0.61202
0.37 0.198581 0.575544
0.38 0.199722 0.53803
0.39 0.200754 0.49961
0.4 0.201678 0.460416
0.41 0.202491 0.420582
0.42 0.203195 0.380242
0.43 0.203785 0.33953
0.44 0.204261 0.298579
0.45 0.204617 0.25752
0.46 0.204851 0.216484
0.47 0.204956 0.175599
0.48 0.204926 0.134991
0.49 0.204756 0.0947813
0.5 0.204438 0.0550902
0.51 0.203965 0.0160323
0.52 0.203329 -0.0222813
0.53 0.202523 -0.0597444
0.54 0.201539 -0.0962554
0.55 0.200371 -0.131718
0.56 0.199013 -0.166042
0.57 0.19746 -0.199141
0.58 0.195709 -0.230938
0.59 0.193757 -0.261358
0.6 0.191605 -0.290336
0.61 0.189254 -0.31781
0.62 0.186707 -0.343729
0.63 0.183971 -0.368044
0.64 0.181054 -0.390715
0.65 0.177966 -0.411709
0.66 0.174718 -0.430998
0.67 0.171327 -0.448563
0.68 0.167807 -0.464388
0.69 0.164177 -0.478468
0.7 0.160456 -0.490802
0.71 0.156663 -0.501393
0.72 0.15282 -0.510254
0.73 0.148947 -0.517401
0.74 0.145066 -0.522858
0.75 0.141196 -0.526652
0.76 0.137358 -0.528816
0.77 0.133569 -0.52939
0.78 0.129847 -0.528416
0.79 0.126207 -0.52594
0.8 0.122661 -0.522016
0.81 0.119222 -0.516696
0.82 0.115897 -0.510041
0.83 0.112694 -0.50211
0.84 0.109617 -0.49297
0.85 0.106667 -0.482687
0.86 0.103844 -0.471329
0.87 0.101147 -0.458968
0.88 0.0985697 -0.445675
0.89 0.0960786 -0.431525
0.9 0.0932754 -0.416591
0.91 0.0870327 -0.400948
0.92 0.0640274 -0.384671
0.93 0.0017546 -0.367834
0.94 -0.0772425 -0.350514
0.95 -0.0586754 -0.332782
0.96 0.103004 -0.314712
0.97 0.24075 -0.296375
0.98 0.226536 -0.277843
0.99 0.144191 -0.259183
1 0.0922466 -0.240462
1.01 0.0754719 -0.221745
1.02 0.0712172 -0.203093
1.03 0.0692653 -0.184568
1.04 0.0675613 -0.166224
1.05 0.0658761 -0.148119
1.06 0.0641932 -0.130303
1.07 0.062511 -0.112825
1.08 0.0608293 -0.0957301
1.09 0.0591485 -0.0790621
1.1 0.0574692 -0.0628589
1.11 0.0557927 -0.0471574
1.12 0.0541207 -0.0319913
1.13 0.0524547 -0.0173889
1.14 0.050797 -0.00337784
1.15 0.0491494 0.0100199
1.16 0.0475142 0.0227831
1.17 0.0458934 0.0348961
1.18 0.0442891 0.0463441
1.19 0.0427033 0.0571174
1.2 0.0411378 0.0672073
1.21 0.0395944 0.0766098
1.22 0.0380746 0.0853221
1.23 0.0365798 0.0933454
1.24 0.0351113 0.100682
1.25 0.0336701 0.107339
1.26 0.0322572 0.113323
1.27 0.0308733 0.118644
1.28 0.0295189 0.123315
1.29 0.0281946 0.127349
1.3 0.0269007 0.130763
1.31 0.0256373 0.133574
1.32 0.0244046 0.135801
1.33 0.0232027 0.137465
1.34 0.0220313 0.138586
1.35 0.0208904 0.139187
1.36 0.0197797 0.139292
1.37 0.0186991 0.138926
1.38 0.017648 0.138113
1.39 0.0166262 0.136878
1.4 0.0156332 0.135248
1.41 0.0146686 0.133249
1.42 0.013732 0.130906
1.43 0.0128228 0.128247
1.44 0.0119405 0.125298
1.45 0.0110847 0.122083
1.46 0.0102548 0.118631
1.47 0.00945024 0.114964
1.48 0.00867046 0.11111
1.49 0.00791499 0.107091
1.5 0.0071832 0.102932
1.51 0.00647461 0.0986552
1.52 0.0057886 0.0942836
1.53 0.00512468 0.0898386
1.54 0.00448226 0.0853406
1.55 0.00386084 0.0808096
1.56 0.00325983 0.076264
1.57 0.00267875 0.0717221
1.58 0.00211703 0.0672003
1.59 0.00157418 0.0627149
1.6 0.00104966 0.0582803
1.61 0.000542965 0.0539104
1.62 5.36314e-05 0.0496182
1.63 -0.000418883 0.0454151
1.64 -0.000875016 0.041312
1.65 -0.00131529 0.0373184
1.66 -0.00174012 0.0334433
1.67 -0.00215002 0.0296939
1.68 -0.00254539 0.0260774
1.69 -0.00292671 0.0225993
1.7 -0.00329437 0.0192647
1.71 -0.00364883 0.0160775
1.72 -0.00399046 0.0130409
1.73 -0.00431971 0.0101572
1.74 -0.00463693 0.00742822
1.75 -0.00494253 0.00485453
1.76 -0.00523686 0.00243655
1.77 -0.00552032 0.000173568
1.78 -0.00579322 -0.00193529
1.79 -0.00605594 -0.00389191
1.8 -0.00630879 -0.0056983
1.81 -0.00655212 -0.00735731
1.82 -0.00678623 -0.00887194
1.83 -0.00701144 -0.0102459
1.84 -0.00722802 -0.0114828
1.85 -0.00743631 -0.0125872
1.86 -0.00763654 -0.0135635
1.87 -0.00782902 -0.0144164
1.88 -0.008014 -0.0151509
1.89 -0.00819173 -0.0157722
1.9 -0.00836247 -0.0162855
1.91 -0.00852644 -0.0166963
1.92 -0.00868391 -0.0170101
1.93 -0.00883506 -0.0172324
1.94 -0.00898014 -0.0173687
1.95 -0.00911934 -0.0174245
1.96 -0.00925288 -0.0174054
1.97 -0.00938094 -0.0173169
1.98 -0.00950372 -0.0171643
1.99 -0.0096214 -0.0169529
2 -0.00973415 -0.0166879
2.01 -0.00984214 -0.0163744
2.02 -0.00994555 -0.0160172
2.03 -0.0100445 -0.0156211
2.04 -0.0101392 -0.0151906
2.05 -0.0102298 -0.0147303
2.06 -0.0103163 -0.0142442
2.07 -0.010399 -0.0137365
2.08 -0.010478 -0.013211
2.09 -0.0105534 -0.0126713
2.1 -0.0106253 -0.0121208
2.11 -0.0106938 -0.0115628
2.12 -0.0107591 -0.0110003
2.13 -0.0108212 -0.0104361
2.14 -0.0108803 -0.00987291
2.15 -0.0109365 -0.00931299
2.16 -0.0109898 -0.00875867
2.17 -0.0110404 -0.0082119
2.18 -0.0110883 -0.00767458
2.19 -0.0111336 -0.0071483
2.2 -0.0111765 -0.00663459
2.21 -0.0112169 -0.00613471
2.22 -0.011255 -0.00564982
2.23 -0.0112909 -0.00518087
2.24 -0.0113245 -0.00472873
2.25 -0.0113561 -0.00429404
2.26 -0.0113855 -0.00387739
2.27 -0.011413 -0.00347915
2.28 -0.0114385 -0.00309967
2.29 -0.0114622 -0.0027391
2.3 -0.011484 -0.00239755
2.31 -0.0115041 -0.00207498
2.32 -0.0115224 -0.00177132
2.33 -0.0115391 -0.00148635
2.34 -0.0115541 -0.00121984
2.35 -0.0115676 -0.000971446
2.36 -0.0115795 -0.000740794
2.37 -0.01159 -0.000527428
2.38 -0.011599 -0.000330871
2.39 -0.0116066 -0.000150606
2.4 -0.0116128 1.39474e-05
2.41 -0.0116177 0.000163365
2.42 -0.0116212 0.000298275
2.43 -0.0116236 0.0004193
2.44 -0.0116246 0.000527098
2.45 -0.0116245 0.000622317
2.46 -0.0116232 0.000705629
2.47 -0.0116207 0.00077769
2.48 -0.0116172 0.00083917
2.49 -0.0116125 0.000890721
2.5 -0.0116068 0.000932998
2.51 -0.0116 0.000966635
2.52 -0.0115923 0.000992261
2.53 -0.0115835 0.00101049
2.54 -0.0115738 0.0010219
2.55 -0.0115631 0.00102709
2.56 -0.0115515 0.0010266
2.57 -0.011539 0.00102097
2.58 -0.0115256 0.0010107
2.59 -0.0115113 0.0009963
2.6 -0.0114962 0.00097822
2.61 -0.0114803 0.000956909
2.62 -0.0114636 0.000932783
2.63 -0.011446 0.000906239
2.64 -0.0114277 0.000877643
2.65 -0.0114087 0.000847344
2.66 -0.0113888 0.000815668
2.67 -0.0113683 0.00078291
2.68 -0.0113471 0.000749351
2.69 -0.0113251 0.000715244
2.7 -0.0113025 0.000680826
2.71 -0.0112791 0.000646308
2.72 -0.0112552 0.000611886
2.73 -0.0112305 0.000577732
2.74 -0.0112053 0.000544004
2.75 -0.0111794 0.000510839
2.76 -0.0111529 0.000478363
2.77 -0.0111259 0.000446677
2.78 -0.0110982 0.000415879
2.79 -0.01107 0.000386042
2.8 -0.0110412 0.000357235
2.81 -0.0110118 0.000329507
2.82 -0.0109819 0.000302903
2.83 -0.0109515 0.000277453
2.84 -0.0109206 0.000253179
2.85 -0.0108891 0.000230094
2.86 -0.0108572 0.000208204
2.87 -0.0108247 0.000187505
2.88 -0.0107918 0.00016799
2.89 -0.0107584 0.000149644
2.9 -0.0107246 0.000132447
2.91 -0.0106903 0.000116376
2.92 -0.0106555 0.000101403
2.93 -0.0106203 8.74959e-05
2.94 -0.0105847 7.46202e-05
2.95 -0.0105487 6.27404e-05
2.96 -0.0105122 5.18167e-05
2.97 -0.0104754 4.18103e-05
2.98 -0.0104381 3.26788e-05
2.99 -0.0104005 2.43813e-05
