Part A 
, 
p = {-0.966025, 0.105721, 0.719085, 0.486449, 0.958869, 0.15315, -1.27602, -0.0143571, -1.12776, -0.751738, 0.217308, 2.55311, 0.0211496, 0.439305, 0.918493, 0.732856, -0.600176, -0.00160977, -0.0303519, -0.0277694, 0.403801, 0.0114575, -0.913405, 0.200622} 
P = {{-0.966025, 0, 0, 0.403903, -0.0303519, -0.540989, -0.0265521, 0.0122988}
{0.105721, 1.0326e-321, 0, 0.0114625, -0.0277694, -0.0662769, -0.242398, 0.00104041}
{0.719085, -0.966025, 0, -0.913465, 0.403801, -0.00952844, -0.00169203, 0.0320099}}
0.0922466


Part B 
