-1 0.357687 0.933721 -0.0178887 0.400133
-0.983333 0.357445 0.939681 -0.0111077 0.413424
-0.966667 0.357317 0.945637 -0.00411379 0.425659
-0.95 0.357309 0.951592 0.00307467 0.43676
-0.933333 0.357421 0.957548 0.0104381 0.446647
-0.916667 0.357657 0.963507 0.0179557 0.455244
-0.9 0.35802 0.96947 0.0256053 0.462474
-0.883333 0.358511 0.975441 0.0333635 0.468266
-0.866667 0.359133 0.981422 0.0412058 0.47255
-0.85 0.359885 0.987413 0.0491065 0.475262
-0.833333 0.36077 0.993418 0.0570388 0.476342
-0.816667 0.361787 0.99944 0.0649752 0.475733
-0.8 0.362936 1.00548 0.072887 0.473388
-0.783333 0.364216 1.01154 0.0807449 0.469264
-0.766667 0.365627 1.01762 0.088519 0.463325
-0.75 0.367166 1.02373 0.0961788 0.455546
-0.733333 0.368832 1.02986 0.103694 0.445908
-0.716667 0.370621 1.03602 0.111032 0.434403
-0.7 0.372532 1.04221 0.118163 0.421034
-0.683333 0.374559 1.04844 0.125056 0.405813
-0.666667 0.376699 1.0547 0.13168 0.388767
-0.65 0.378947 1.061 0.138005 0.369931
-0.633333 0.381297 1.06733 0.144002 0.349357
-0.616667 0.383745 1.07371 0.149641 0.327108
-0.6 0.386283 1.08012 0.154896 0.303261
-0.583333 0.388906 1.08658 0.159741 0.277909
-0.566667 0.391605 1.09309 0.164152 0.251157
-0.55 0.394375 1.09964 0.168106 0.223126
-0.533333 0.397206 1.10623 0.171583 0.193951
-0.516667 0.400091 1.11288 0.174566 0.163781
-0.5 0.403022 1.11957 0.177038 0.132778
-0.483333 0.40599 1.12631 0.178988 0.101118
-0.466667 0.408985 1.1331 0.180406 0.0689893
-0.45 0.412 1.13995 0.181286 0.0365918
-0.433333 0.415025 1.14684 0.181625 0.00413435
-0.416667 0.418052 1.15378 0.181425 -0.0281648
-0.4 0.42107 1.16077 0.180689 -0.0600815
-0.383333 0.424072 1.16782 0.179426 -0.0913865
-0.366667 0.427048 1.17491 0.177647 -0.121849
-0.35 0.42999 1.18205 0.17537 -0.151238
-0.333333 0.432891 1.18924 0.172613 -0.179326
-0.316667 0.435742 1.19648 0.169401 -0.205893
-0.3 0.438535 1.20377 0.16576 -0.230728
-0.283333 0.441265 1.2111 0.161721 -0.253634
-0.266667 0.443924 1.21847 0.157317 -0.274432
-0.25 0.446507 1.22589 0.152585 -0.292964
-0.233333 0.449008 1.23336 0.147565 -0.3091
-0.216667 0.451424 1.24086 0.142296 -0.322739
-0.2 0.45375 1.2484 0.136821 -0.333812
-0.183333 0.455984 1.25599 0.131183 -0.342294
-0.166667 0.458123 1.2636 0.125426 -0.348199
-0.15 0.460164 1.27126 0.119591 -0.35159
-0.133333 0.462109 1.27894 0.113719 -0.352581
-0.116667 0.463955 1.28666 0.10785 -0.351339
-0.1 0.465704 1.29441 0.102019 -0.348088
-0.0833333 0.467356 1.30218 0.0962571 -0.343113
-0.0666666 0.468913 1.30998 0.0905898 -0.336757
-0.05 0.470376 1.31781 0.0850372 -0.329427
-0.0333333 0.471748 1.32566 0.0796118 -0.321588
-0.0166666 0.473031 1.33354 0.0743175 -0.313767
0 0.474226 1.34143 0.0691495 -0.306546
0.0166668 0.475336 1.34934 0.0640925 -0.30056
0.0333334 0.476363 1.35727 0.0591202 -0.296491
0.0500001 0.477307 1.36522 0.0541948 -0.29506
0.0666667 0.47817 1.37318 0.049266 -0.297022
0.0833334 0.478949 1.38116 0.0442709 -0.30315
0.1 0.479645 1.38915 0.0391335 -0.314227
0.116667 0.480252 1.39715 0.0337649 -0.33103
0.133333 0.480768 1.40516 0.0280632 -0.354316
0.15 0.481185 1.41317 0.0219143 -0.384805
0.166667 0.481496 1.42119 0.0151926 -0.423163
0.183333 0.481688 1.42922 0.00776187 -0.469981
0.2 0.481749 1.43725 -0.00052319 -0.525756
0.216667 0.481665 1.44528 -0.00981526 -0.590876
0.233333 0.481416 1.4533 -0.0202724 -0.665594
0.25 0.480982 1.46133 -0.0320557 -0.750016
0.266667 0.480339 1.46934 -0.0453266 -0.844081
0.283333 0.479462 1.47734 -0.060244 -0.947552
0.3 0.478321 1.48532 -0.0769616 -1.06001
0.316667 0.476885 1.49328 -0.095624 -1.18083
0.333333 0.475122 1.50121 -0.116364 -1.3092
0.35 0.472994 1.50911 -0.139301 -1.44415
0.366667 0.470466 1.51698 -0.164533 -1.5845
0.383333 0.467497 1.52479 -0.19214 -1.72895
0.4 0.464048 1.53256 -0.222179 -1.87608
0.416667 0.460077 1.54026 -0.254683 -2.0244
0.433333 0.455544 1.54789 -0.289657 -2.17237
0.45 0.450408 1.55544 -0.327085 -2.31852
0.466667 0.444628 1.5629 -0.366923 -2.46143
0.483333 0.438164 1.57026 -0.409108 -2.59988
0.5 0.430979 1.5775 -0.453556 -2.73285
0.516667 0.423034 1.58462 -0.500169 -2.85967
0.533333 0.414295 1.5916 -0.548842 -2.98
0.55 0.404728 1.59842 -0.599467 -3.09397
0.566667 0.394302 1.60508 -0.651942 -3.20221
0.583333 0.382987 1.61156 -0.706181 -3.30585
0.6 0.370754 1.61784 -0.762121 -3.4066
0.616667 0.357574 1.62392 -0.819731 -3.5067
0.633333 0.34342 1.62976 -0.879023 -3.60889
0.65 0.328263 1.63536 -0.940057 -3.71638
0.666667 0.312074 1.64069 -1.00295 -3.83271
0.683333 0.29482 1.64575 -1.06788 -3.96162
0.7 0.276466 1.65052 -1.1351 -4.10694
0.716667 0.25697 1.65496 -1.20489 -4.27231
0.733333 0.236286 1.65908 -1.27764 -4.46103
0.75 0.214363 1.66283 -1.35374 -4.67578
0.766667 0.19114 1.66621 -1.43365 -4.91837
0.783333 0.166551 1.6692 -1.51784 -5.1895
0.8 0.140519 1.67176 -1.60679 -5.48848
0.816667 0.112962 1.67387 -1.70093 -5.81307
0.833333 0.0837904 1.67551 -1.80068 -6.15922
0.85 0.0529068 1.67665 -1.90633 -6.52103
0.866667 0.0202119 1.67727 -2.01809 -6.89058
0.883333 -0.014397 1.67732 -2.136 -7.25802
0.9 -0.0510217 1.67678 -2.25995 -7.61162
0.916667 -0.0897601 1.67561 -2.38957 -7.93795
0.933333 -0.130703 1.67377 -2.52431 -8.22219
0.95 -0.173928 1.67124 -2.66332 -8.44844
0.966667 -0.219498 1.66796 -2.80551 -8.60023
0.983333 -0.267455 1.66391 -2.94949 -8.66099


-1 0.380371 0.513354 0.0504531 0.191387
-0.983333 0.381239 0.519701 0.0537314 0.201871
-0.966667 0.382163 0.526063 0.0571775 0.211521
-0.95 0.383145 0.53244 0.0607773 0.220318
-0.933333 0.384189 0.538834 0.0645166 0.228243
-0.916667 0.385297 0.545247 0.0683805 0.235282
-0.9 0.386469 0.551678 0.0723543 0.241422
-0.883333 0.387709 0.558129 0.0764229 0.246654
-0.866667 0.389017 0.564602 0.080571 0.250972
-0.85 0.390395 0.571097 0.0847835 0.254371
-0.833333 0.391844 0.577616 0.089045 0.25685
-0.816667 0.393363 0.584159 0.0933401 0.258408
-0.8 0.394955 0.590728 0.0976535 0.259047
-0.783333 0.396618 0.597324 0.10197 0.25877
-0.766667 0.398354 0.603949 0.106274 0.257581
-0.75 0.400161 0.610603 0.110551 0.255486
-0.733333 0.402039 0.617288 0.114785 0.25249
-0.716667 0.403987 0.624005 0.118962 0.248599
-0.7 0.406004 0.630755 0.123067 0.243817
-0.683333 0.408088 0.637539 0.127085 0.238152
-0.666667 0.410239 0.644358 0.131 0.231606
-0.65 0.412454 0.651214 0.1348 0.224184
-0.633333 0.414732 0.658107 0.138468 0.215886
-0.616667 0.417069 0.665039 0.141991 0.206713
-0.6 0.419464 0.67201 0.145354 0.196663
-0.583333 0.421913 0.679021 0.148542 0.185731
-0.566667 0.424414 0.686074 0.15154 0.173911
-0.55 0.426964 0.693168 0.154334 0.161193
-0.533333 0.429558 0.700306 0.156908 0.147564
-0.516667 0.432193 0.707487 0.159247 0.13301
-0.5 0.434864 0.714713 0.161336 0.11751
-0.483333 0.437569 0.721983 0.163159 0.101044
-0.466667 0.440302 0.729298 0.164699 0.0835843
-0.45 0.443057 0.73666 0.16594 0.0651035
-0.433333 0.445831 0.744067 0.166863 0.0455691
-0.416667 0.448618 0.751521 0.167452 0.0249457
-0.4 0.451411 0.759021 0.167689 0.00319495
-0.383333 0.454205 0.766568 0.167552 -0.0197248
-0.366667 0.456994 0.774161 0.167024 -0.0438577
-0.35 0.45977 0.781801 0.166084 -0.0692506
-0.333333 0.462527 0.789487 0.164709 -0.0959526
-0.316667 0.465258 0.797218 0.162878 -0.124015
-0.3 0.467954 0.804995 0.160567 -0.153491
-0.283333 0.470607 0.812817 0.157753 -0.184435
-0.266667 0.47321 0.820682 0.154411 -0.216904
-0.25 0.475751 0.82859 0.150514 -0.250953
-0.233333 0.478224 0.83654 0.146037 -0.286642
-0.216667 0.480616 0.84453 0.14095 -0.324028
-0.2 0.482918 0.85256 0.135226 -0.363172
-0.183333 0.48512 0.860627 0.128834 -0.404133
-0.166667 0.487209 0.86873 0.121744 -0.446971
-0.15 0.489174 0.876867 0.113924 -0.491748
-0.133333 0.491002 0.885035 0.105342 -0.538526
-0.116667 0.492681 0.893232 0.095962 -0.587369
-0.1 0.494196 0.901457 0.0857508 -0.638342
-0.0833333 0.495534 0.909705 0.0746718 -0.691515
-0.0666666 0.49668 0.917973 0.0626876 -0.746959
-0.05 0.497619 0.92626 0.0497601 -0.804748
-0.0333333 0.498333 0.934559 0.0358492 -0.864966
-0.0166666 0.498808 0.942869 0.0209139 -0.9277
0 0.499025 0.951185 0.00491144 -0.993044
0.0166668 0.498965 0.959502 -0.0122027 -1.0611
0.0333334 0.498611 0.967816 -0.0304745 -1.132
0.0500001 0.497943 0.976121 -0.0499523 -1.20584
0.0666667 0.496939 0.984412 -0.0706864 -1.28279
0.0833334 0.495579 0.992683 -0.0927298 -1.36298
0.1 0.493841 1.00093 -0.116138 -1.44659
0.116667 0.4917 1.00914 -0.140969 -1.53379
0.133333 0.489134 1.01732 -0.167286 -1.6248
0.15 0.486116 1.02544 -0.195152 -1.71981
0.166667 0.48262 1.03352 -0.224636 -1.81905
0.183333 0.478618 1.04153 -0.255811 -1.92276
0.2 0.474083 1.04947 -0.288754 -2.03117
0.216667 0.468983 1.05733 -0.323544 -2.14454
0.233333 0.463287 1.0651 -0.360267 -2.26309
0.25 0.456963 1.07277 -0.399011 -2.38707
0.266667 0.449975 1.08033 -0.439868 -2.51668
0.283333 0.442288 1.08776 -0.482933 -2.6521
0.3 0.433864 1.09507 -0.528304 -2.79347
0.316667 0.424665 1.10222 -0.576082 -2.94087
0.333333 0.414648 1.10922 -0.626367 -3.09431
0.35 0.403771 1.11604 -0.679259 -3.25372
0.366667 0.391991 1.12267 -0.734856 -3.41889
0.383333 0.379261 1.1291 -0.793252 -3.58952
0.4 0.365533 1.13531 -0.854534 -3.76512
0.416667 0.35076 1.14128 -0.91878 -3.94505
0.433333 0.33489 1.14699 -0.986055 -4.12847
0.45 0.317874 1.15243 -1.05641 -4.31432
0.466667 0.299659 1.15758 -1.12987 -4.50128
0.483333 0.280194 1.16242 -1.20645 -4.68779
0.5 0.259427 1.16691 -1.28612 -4.87198
0.516667 0.237307 1.17106 -1.36882 -5.05172
0.533333 0.213783 1.17482 -1.45447 -5.22454
0.55 0.188809 1.17817 -1.54292 -5.38766
0.566667 0.162338 1.1811 -1.63399 -5.53799
0.583333 0.134329 1.18358 -1.72743 -5.67213
0.6 0.104745 1.18557 -1.82295 -5.78636
0.616667 0.0735547 1.18706 -1.92018 -5.87671
0.633333 0.0407323 1.18801 -2.01868 -5.93895
0.65 0.00626102 1.18841 -2.11796 -5.96865
0.666667 -0.0298674 1.18821 -2.21743 -5.96124
0.683333 -0.0676508 1.1874 -2.31644 -5.91202
0.7 -0.107075 1.18595 -2.41424 -5.81632
0.716667 -0.148114 1.18382 -2.51003 -5.66948
0.733333 -0.190727 1.181 -2.60292 -5.46705
0.75 -0.234857 1.17746 -2.69193 -5.20478
0.766667 -0.280431 1.17317 -2.77605 -4.87881
0.783333 -0.327359 1.1681 -2.85419 -4.48574
0.8 -0.375531 1.16225 -2.92519 -4.02275
0.816667 -0.424819 1.15558 -2.98788 -3.48775
0.833333 -0.475074 1.14808 -3.04104 -2.87943
0.85 -0.526127 1.13974 -3.08345 -2.19742
0.866667 -0.577789 1.13054 -3.11388 -1.44239
0.883333 -0.62985 1.12048 -3.13113 -0.616139
0.9 -0.68208 1.10955 -3.13404 0.278359
0.916667 -0.734232 1.09774 -3.1215 1.23685
0.933333 -0.786039 1.08507 -3.09249 2.25378
0.95 -0.837218 1.07154 -3.04609 3.32227
0.966667 -0.887474 1.05717 -2.9815 4.43413
0.983333 -0.936497 1.04197 -2.89809 5.57987
