-3 -0.00107642 -0.000282017 -0.00376137 -0.0117065
-2.9 -0.00151647 -0.00041055 -0.00509609 -0.0150903
-2.8 -0.00210794 -0.000590351 -0.00680004 -0.019091
-2.7 -0.00289082 -0.000838512 -0.00893411 -0.0236839
-2.6 -0.00391096 -0.00117642 -0.0115537 -0.028781
-2.5 -0.0052192 -0.0016303 -0.0147015 -0.034212
-2.4 -0.0068696 -0.00223166 -0.018398 -0.039695
-2.3 -0.00891661 -0.00301745 -0.0226268 -0.0447494
-2.2 -0.01141 -0.00402988 -0.0273011 -0.0483455
-2.1 -0.0143834 -0.00531549 -0.0321563 -0.0475777
-2 -0.0178221 -0.00692221 -0.0363902 -0.0335142
-1.9 -0.0215653 -0.00889047 -0.0376156 0.0189786
-1.8 -0.0250399 -0.0112274 -0.029408 0.168788
-1.7 -0.0266585 -0.0138388 0.00287702 0.521556
-1.6 -0.0227887 -0.0163798 0.0857577 1.19619
-1.5 -0.00668212 -0.0179923 0.252894 2.18115
-1.4 0.0311898 -0.01699 0.519802 3.08035
-1.3 0.0990246 -0.0107443 0.835164 2.95563
-1.2 0.194581 0.00376337 1.03797 0.668763
-1.1 0.294668 0.0283513 0.88376 -4.10591
-1 0.352809 0.0613102 0.182388 -9.85023
-0.9 0.314272 0.0956663 -1.01344 -13.4163
-0.8 0.145905 0.11978 -2.32903 -11.9139
-0.7 -0.136797 0.120972 -3.20567 -4.79132
-0.6 -0.464429 0.0908829 -3.16864 5.84768
-0.5 -0.73354 0.0300369 -2.03454 16.5271
-0.4 -0.840521 -0.050379 0.0112057 23.4416
-0.3 -0.719246 -0.130377 2.40843 23.0593
-0.2 -0.374887 -0.186692 4.32535 13.9031
-0.0999999 0.103365 -0.200823 4.98575 -1.21711
0 0.569779 -0.166418 4.09489 -15.9745
0.1 0.881708 -0.0920863 1.99883 -24.6314
0.2 0.95432 0.00185305 -0.553145 -25.0428
0.3 0.782732 0.0905547 -2.76132 -18.0434
0.4 0.434975 0.152471 -3.99214 -6.0094
0.5 0.0280676 0.175566 -3.92635 7.07915
0.6 -0.311505 0.160374 -2.71364 16.1024
0.7 -0.496546 0.118502 -0.96296 17.5709
0.8 -0.511711 0.0668049 0.569429 12.2348
0.9 -0.406668 0.0201949 1.39838 4.32841
1 -0.256762 -0.013054 1.49662 -1.82967
1.1 -0.122093 -0.0317057 1.15331 -4.45235
1.2 -0.0295711 -0.0389091 0.70074 -4.26563
1.3 0.0212501 -0.0390228 0.338735 -2.90315
1.4 0.042981 -0.0356281 0.118227 -1.56912
1.5 0.048612 -0.0309579 0.0088254 -0.701748
1.6 0.0468663 -0.0261468 -0.0364309 -0.260084
1.7 0.0423122 -0.0216755 -0.051524 -0.0702375
1.8 0.0369624 -0.0177096 -0.0542533 0.00401336
1.9 0.0316171 -0.0142824 -0.0521724 0.0333462
2 0.0265921 -0.0113753 -0.0481165 0.0461293
2.1 0.0220228 -0.00894873 -0.0431749 0.0518766
2.2 0.0179689 -0.00695356 -0.0378734 0.0536071
2.3 0.0144488 -0.00533712 -0.0325465 0.0525357
2.4 0.0114524 -0.00404632 -0.0274333 0.04945
2.5 0.0089494 -0.00303017 -0.0227014 0.0450141
2.6 0.00689587 -0.00224145 -0.0184562 0.0398038
2.7 0.00524013 -0.00163773 -0.0147504 0.034295
2.8 0.00392741 -0.00118199 -0.0115947 0.0288569
2.9 0.00290354 -0.000842629 -0.00896781 0.0237531


-1 0.353227
-0.966111 0.353628
-0.932222 0.340798
-0.898333 0.313569
-0.864444 0.27128
-0.830556 0.213855
-0.796667 0.141878
-0.762778 0.0566284
-0.728889 -0.0399106
-0.695 -0.145077
-0.661111 -0.255596
-0.627222 -0.367678
-0.593333 -0.477156
-0.559444 -0.579648
-0.525556 -0.670743
-0.491667 -0.746201
-0.457778 -0.802159
-0.423889 -0.835331
-0.39 -0.843186
-0.356111 -0.824106
-0.322222 -0.777498
-0.288333 -0.703872
-0.254444 -0.604853
-0.220556 -0.483158
-0.186667 -0.342503
-0.152778 -0.187468
-0.118889 -0.0233142
-0.085 0.144234
-0.0511112 0.309236
-0.0172223 0.465791
0.0166667 0.6083
0.0505555 0.731707
0.0844444 0.831726
0.118333 0.905022
0.152222 0.949347
0.186111 0.963627
0.22 0.947993
0.253889 0.903745
0.287778 0.833278
0.321667 0.73994
0.355556 0.627865
0.389444 0.501765
0.423333 0.366706
0.457222 0.227873
0.491111 0.0903438
0.525 -0.0411256
0.558889 -0.162287
0.592778 -0.269555
0.626667 -0.360119
0.660555 -0.432019
0.694444 -0.484166
0.728333 -0.516328
0.762222 -0.52908
0.796111 -0.523711
0.83 -0.50211
0.863889 -0.466637
0.897778 -0.419973
0.931667 -0.364979
0.965555 -0.304554
0.999444 -0.241503
