0, 10, 5
0.00450619, 9.84, 5.1584
0.0088696, 9.6809, 5.31286
0.0132132, 9.51868, 5.46739
0.0176188, 9.3505, 5.62463
0.022148, 9.17406, 5.78648
0.0268529, 8.98731, 5.95446
0.0317811, 8.78834, 6.12981
0.0369744, 8.57542, 6.31343
0.0424591, 8.34753, 6.50546
0.048223, 8.10542, 6.70448
0.0541848, 7.85297, 6.90655
0.0601908, 7.59744, 7.10542
0.0660638, 7.34724, 7.29458
0.0713365, 7.123, 7.45933
0.0764134, 6.90797, 7.61298
0.0809805, 6.71569, 7.74669
0.0853939, 6.53123, 7.87158
0.0896323, 6.35563, 7.9873
0.0936971, 6.18886, 8.09425
0.0976015, 6.03036, 8.19313
0.101363, 5.8794, 8.2847
0.105001, 5.73516, 8.36974
0.108532, 5.59692, 8.4489
0.111972, 5.46401, 8.52276
0.115335, 5.33586, 8.59181
0.118632, 5.21197, 8.65647
0.121874, 5.09194, 8.71706
0.125069, 4.97541, 8.77388
0.128225, 4.86207, 8.82717
0.131349, 4.75168, 8.87712
0.134446, 4.644, 8.92391
0.137521, 4.53886, 8.96769
0.14058, 4.43608, 9.00858
0.143626, 4.33552, 9.04667
0.146663, 4.23705, 9.08207
0.149695, 4.14056, 9.11485
0.152724, 4.04595, 9.14508
0.155755, 3.95312, 9.17281
0.158789, 3.86201, 9.1981
0.16183, 3.77252, 9.22097
0.16488, 3.68461, 9.24147
0.167941, 3.5982, 9.25963
0.171017, 3.51325, 9.27546
0.17411, 3.42969, 9.28898
0.177222, 3.3475, 9.30021
0.180356, 3.26662, 9.30915
0.183514, 3.18701, 9.3158
0.186699, 3.10865, 9.32018
0.189912, 3.03149, 9.32226
0.193158, 2.9555, 9.32205
0.196437, 2.88067, 9.31953
0.199754, 2.80695, 9.31469
0.20311, 2.73433, 9.30751
0.206508, 2.66277, 9.29796
0.209952, 2.59227, 9.28602
0.213445, 2.5228, 9.27167
0.216989, 2.45434, 9.25486
0.220588, 2.38687, 9.23556
0.224246, 2.32038, 9.21373
0.227966, 2.25484, 9.18932
0.231753, 2.19025, 9.16229
0.23561, 2.12659, 9.13258
0.239543, 2.06385, 9.10012
0.243555, 2.00202, 9.06485
0.247652, 1.94107, 9.02671
0.25184, 1.88101, 8.98562
0.256125, 1.82182, 8.94148
0.260513, 1.76349, 8.89421
0.265011, 1.706, 8.84371
0.269626, 1.64936, 8.78987
0.274368, 1.59356, 8.73258
0.279244, 1.53857, 8.6717
0.284265, 1.48441, 8.6071
0.289442, 1.43106, 8.53863
0.294786, 1.37851, 8.46611
0.300311, 1.32676, 8.38937
0.306031, 1.2758, 8.30821
0.311962, 1.22564, 8.22242
0.318121, 1.17628, 8.13177
0.324528, 1.12771, 8.03602
0.331204, 1.07994, 7.93488
0.338173, 1.03299, 7.8281
0.345458, 0.98688, 7.71537
0.353086, 0.941633, 7.59643
0.361085, 0.897294, 7.47101
0.36948, 0.853927, 7.33889
0.378295, 0.811615, 7.19996
0.387548, 0.770474, 7.05424
0.397244, 0.730651, 6.90199
0.407376, 0.692326, 6.74373
0.417914, 0.655708, 6.58039
0.428807, 0.62101, 6.41322
0.439981, 0.588425, 6.24378
0.451353, 0.558096, 6.0738
0.462832, 0.530095, 5.90492
0.474336, 0.504412, 5.73862
0.485798, 0.480965, 5.57603
0.497166, 0.459621, 5.41794
0.508408, 0.440213, 5.26481
0.519506, 0.422563, 5.11685
0.530451, 0.406493, 4.97407
0.541246, 0.391835, 4.83636
0.551896, 0.378435, 4.70353
0.56241, 0.366156, 4.57536
0.5728, 0.354877, 4.45159
0.583077, 0.344494, 4.33199
0.593252, 0.334912, 4.2163
0.603335, 0.326053, 4.10432
0.613338, 0.317847, 3.99584
0.62327, 0.310231, 3.89066
0.63314, 0.303154, 3.78861
0.642955, 0.296568, 3.68953
0.652723, 0.290433, 3.59327
0.66245, 0.284712, 3.49971
0.672144, 0.279372, 3.40871
0.681809, 0.274386, 3.32017
0.691451, 0.269727, 3.23399
0.701074, 0.265373, 3.15006
0.710684, 0.261303, 3.06831
0.720285, 0.257499, 2.98864
0.729879, 0.253944, 2.91098
0.739472, 0.250622, 2.83526
0.749067, 0.247522, 2.76141
0.758667, 0.244629, 2.68937
0.768275, 0.241932, 2.61908
0.777894, 0.239422, 2.55048
0.787528, 0.237089, 2.48352
0.797179, 0.234925, 2.41816
0.80685, 0.232921, 2.35433
0.816544, 0.231071, 2.29201
0.826263, 0.229369, 2.23113
0.836011, 0.227807, 2.17168
0.845789, 0.226381, 2.11359
0.8556, 0.225086, 2.05684
0.865448, 0.223917, 2.00139
0.875334, 0.222871, 1.94721
0.88526, 0.221943, 1.89426
0.895231, 0.22113, 1.84251
0.905248, 0.220429, 1.79193
0.915313, 0.219838, 1.74249
0.92543, 0.219354, 1.69416
0.935602, 0.218974, 1.64692
0.94583, 0.218698, 1.60074
0.956118, 0.218523, 1.55559
0.966469, 0.218448, 1.51144
0.976885, 0.218472, 1.46829
0.987371, 0.218593, 1.42609
0.997927, 0.218812, 1.38483
1.00856, 0.219128, 1.34449
1.01927, 0.21954, 1.30505
1.03006, 0.220049, 1.26648
1.04094, 0.220655, 1.22876
1.0519, 0.221357, 1.19189
1.06296, 0.222158, 1.15583
1.07412, 0.223057, 1.12057
1.08537, 0.224056, 1.0861
1.09674, 0.225155, 1.05239
1.10821, 0.226358, 1.01943
1.11979, 0.227665, 0.987209
1.1315, 0.229078, 0.955702
1.14333, 0.2306, 0.924897
1.15529, 0.232234, 0.89478
1.16738, 0.233983, 0.865335
1.17962, 0.235849, 0.836551
1.192, 0.237837, 0.808412
1.20454, 0.239951, 0.780905
1.21725, 0.242194, 0.754019
1.23012, 0.244573, 0.727739
1.24317, 0.247092, 0.702055
1.2564, 0.249757, 0.676953
1.26983, 0.252575, 0.652423
1.28347, 0.255553, 0.628454
1.29732, 0.258699, 0.605034
1.31139, 0.262021, 0.582154
1.3257, 0.265529, 0.559802
1.34027, 0.269233, 0.537969
1.35509, 0.273144, 0.516646
1.37019, 0.277275, 0.495823
1.38559, 0.281639, 0.475491
1.40129, 0.286252, 0.455642
1.41733, 0.291131, 0.436267
1.4337, 0.296293, 0.41736
1.45045, 0.30176, 0.398912
1.46758, 0.307554, 0.380918
1.48512, 0.3137, 0.36337
1.5031, 0.320227, 0.346264
1.52154, 0.327164, 0.329594
1.54048, 0.334548, 0.313357
1.55994, 0.342415, 0.297549
1.57995, 0.350809, 0.282168
1.60055, 0.359777, 0.267214
1.62177, 0.369371, 0.252686
1.64365, 0.379649, 0.238588
1.66622, 0.390673, 0.224923
1.68952, 0.402513, 0.211696
1.71357, 0.415242, 0.198915
1.7384, 0.42894, 0.186591
1.76403, 0.443689, 0.174735
1.79046, 0.459576, 0.163361
1.8177, 0.476684, 0.152484
1.84572, 0.495097, 0.142121
1.87449, 0.51489, 0.132286
1.90395, 0.536131, 0.122994
1.93403, 0.558871, 0.114256
1.96463, 0.58315, 0.106079
1.99566, 0.608987, 0.0984634
2.02699, 0.636389, 0.091403
2.05852, 0.665345, 0.0848853
2.09012, 0.695835, 0.0788914
2.1217, 0.727831, 0.0733967
2.15317, 0.761302, 0.0683726
2.18445, 0.796216, 0.0637875
2.21548, 0.832544, 0.0596087
2.24621, 0.870262, 0.0558033
2.27661, 0.909352, 0.0523391
2.30665, 0.949802, 0.0491855
2.33631, 0.991606, 0.0463138
2.3656, 1.03476, 0.0436974
2.39451, 1.07928, 0.041312
2.42305, 1.12518, 0.0391357
2.45121, 1.17246, 0.0371486
2.47901, 1.22115, 0.0353329
2.50647, 1.27126, 0.0336728
2.53358, 1.32284, 0.0321539
2.56037, 1.37591, 0.0307636
2.58685, 1.43049, 0.0294906
2.61302, 1.48663, 0.0283249
2.6389, 1.54436, 0.0272575
2.6645, 1.60371, 0.0262805
2.68984, 1.66473, 0.0253868
2.71492, 1.72746, 0.0245701
2.73976, 1.79193, 0.0238248
2.76436, 1.85821, 0.023146
2.78874, 1.92633, 0.0225293
2.8129, 1.99634, 0.0219709
2.83686, 2.06828, 0.0214674
2.86061, 2.14222, 0.0210158
2.88418, 2.21821, 0.0206135
2.90757, 2.29629, 0.0202584
2.93078, 2.37653, 0.0199486
2.95383, 2.45899, 0.0196825
2.97672, 2.54372, 0.019459
2.99945, 2.63078, 0.019277
3.02204, 2.72025, 0.019136
3.04449, 2.81218, 0.0190356
3.0668, 2.90665, 0.0189756
3.08898, 3.00372, 0.0189565
3.11105, 3.10348, 0.0189785
3.13299, 3.20599, 0.0190427
3.15483, 3.31133, 0.0191502
3.17656, 3.41958, 0.0193024
3.19818, 3.53084, 0.0195013
3.21972, 3.64518, 0.0197492
3.24116, 3.76269, 0.020049
3.26251, 3.88348, 0.0204039
3.28379, 4.00763, 0.0208178
3.30499, 4.13526, 0.0212952
3.32612, 4.26646, 0.0218416
3.34718, 4.40135, 0.022463
3.36819, 4.54004, 0.0231667
3.38914, 4.68266, 0.0239609
3.41004, 4.82934, 0.0248555
3.43091, 4.98022, 0.0258615
3.45174, 5.13543, 0.0269923
3.47254, 5.29515, 0.0282632
3.49333, 5.45952, 0.0296923
3.5141, 5.62874, 0.031301
3.53488, 5.803, 0.0331143
3.55566, 5.9825, 0.0351623
3.57647, 6.16747, 0.0374808
3.59731, 6.35819, 0.0401129
3.61821, 6.55492, 0.0431106
3.63917, 6.75799, 0.0465377
3.66023, 6.96777, 0.0504723
3.68142, 7.18467, 0.0550117
3.70275, 7.4092, 0.0602781
3.72428, 7.64192, 0.0664269
3.74604, 7.88353, 0.0736587
3.76811, 8.13486, 0.0822364
3.79055, 8.39693, 0.0925117
3.81347, 8.671, 0.104965
3.83698, 8.95861, 0.120267
3.86124, 9.26157, 0.139378
3.88642, 9.58174, 0.16369
3.91266, 9.92004, 0.195189
3.93987, 10.2734, 0.236413
3.96729, 10.6287, 0.289534
3.9892, 10.9086, 0.342945
4.00715, 11.1328, 0.39584
4.0231, 11.3259, 0.451156
4.03707, 11.4889, 0.507234
4.04938, 11.6265, 0.563511
4.06039, 11.7435, 0.619936
4.07035, 11.8437, 0.676634
4.07996, 11.9345, 0.736899
4.08857, 12.0103, 0.79601
4.09687, 12.0776, 0.857978
4.10439, 12.1334, 0.918747
4.11167, 12.1822, 0.982066
4.11867, 12.2237, 1.04735
4.12537, 12.2582, 1.11418
4.13177, 12.2859, 1.18229
4.13789, 12.3073, 1.2515
4.14375, 12.3228, 1.3217
4.14937, 12.3327, 1.39284
4.15478, 12.3375, 1.46489
4.15998, 12.3375, 1.53784
4.16501, 12.3329, 1.6117
4.16987, 12.324, 1.68649
4.17459, 12.311, 1.7622
4.17917, 12.2942, 1.83888
4.18362, 12.2735, 1.91653
4.18797, 12.2493, 1.99519
4.19221, 12.2216, 2.07487
4.19635, 12.1904, 2.1556
4.20041, 12.156, 2.2374
4.2044, 12.1184, 2.3203
4.20831, 12.0777, 2.40432
4.21215, 12.0338, 2.48949
4.21593, 11.9869, 2.57584
4.21966, 11.937, 2.66339
4.22335, 11.884, 2.75219
4.22698, 11.8281, 2.84226
4.23058, 11.7693, 2.93364
4.23414, 11.7074, 3.02638
4.23767, 11.6426, 3.12051
4.24118, 11.5747, 3.21608
4.24466, 11.5038, 3.31315
4.24812, 11.4299, 3.41177
4.25157, 11.3528, 3.51201
4.25501, 11.2725, 3.61393
4.25845, 11.1889, 3.71761
4.26189, 11.1019, 3.82313
4.26533, 11.0115, 3.9306
4.26878, 10.9175, 4.04011
4.27224, 10.8198, 4.15179
4.27573, 10.7181, 4.26577
4.27924, 10.6123, 4.3822
4.28279, 10.5021, 4.50126
4.28638, 10.3874, 4.62314
4.29001, 10.2677, 4.74807
4.29371, 10.1427, 4.87631
4.29748, 10.0119, 5.00817
4.30134, 9.87487, 5.14401
4.30529, 9.73093, 5.28425
4.30936, 9.57935, 5.42938
4.31357, 9.41922, 5.57997
4.31794, 9.24948, 5.73673
4.32251, 9.06883, 5.9004
4.3273, 8.87584, 6.07182
4.33236, 8.669, 6.25173
4.33771, 8.4471, 6.44045
4.34335, 8.21017, 6.63717
4.34924, 7.96082, 6.83891
4.35524, 7.7052, 7.04013
4.36117, 7.45169, 7.23403
4.36657, 7.2213, 7.4053
4.37177, 6.99956, 7.56559
4.37645, 6.80144, 7.70495
4.38097, 6.61147, 7.83505
4.3853, 6.4309, 7.95541
4.38944, 6.25977, 8.06641
4.39341, 6.0975, 8.16881
4.39722, 5.94326, 8.26346
4.4009, 5.7962, 8.35119
4.40447, 5.65549, 8.43275
4.40794, 5.5204, 8.50876
4.41132, 5.39032, 8.57977
4.41464, 5.26471, 8.64621
4.41789, 5.14311, 8.70847
4.4211, 5.02515, 8.76683
4.42426, 4.9105, 8.82158
4.42739, 4.7989, 8.87291
4.43049, 4.6901, 8.92102
4.43357, 4.5839, 8.96606
4.43663, 4.48013, 9.00816
4.43967, 4.37863, 9.04743
4.4427, 4.27928, 9.08397
4.44573, 4.18194, 9.11786
4.44875, 4.08653, 9.14917
4.45178, 3.99293, 9.17796
4.4548, 3.90108, 9.20429
4.45784, 3.81089, 9.22819
4.46088, 3.72229, 9.24971
4.46393, 3.63522, 9.26887
4.46699, 3.54963, 9.28569
4.47007, 3.46546, 9.30021
4.47317, 3.38266, 9.31242
4.47628, 3.3012, 9.32234
4.47943, 3.22103, 9.32998
4.48259, 3.14211, 9.33533
4.48579, 3.06441, 9.3384
4.48901, 2.9879, 9.33917
4.49227, 2.91255, 9.33764
4.49557, 2.83833, 9.33379
4.4989, 2.76521, 9.32761
4.50227, 2.69317, 9.31908
4.50569, 2.6222, 9.30816
4.50916, 2.55226, 9.29484
4.51267, 2.48334, 9.27908
4.51624, 2.41542, 9.26084
4.51987, 2.34848, 9.24009
4.52356, 2.28251, 9.21678
4.52731, 2.2175, 9.19087
4.53113, 2.15341, 9.16229
4.53502, 2.09026, 9.131
4.53899, 2.02801, 9.09692
4.54305, 1.96666, 9.06
4.54719, 1.90619, 9.02015
4.55142, 1.84661, 8.9773
4.55576, 1.78788, 8.93135
4.5602, 1.73002, 8.88221
4.56476, 1.67299, 8.82978
4.56944, 1.61681, 8.77394
4.57425, 1.56145, 8.71457
4.5792, 1.50692, 8.65153
4.5843, 1.45319, 8.58468
4.58956, 1.40028, 8.51386
4.595, 1.34817, 8.43889
4.60063, 1.29686, 8.35958
4.60646, 1.24634, 8.27573
4.61251, 1.19661, 8.18712
4.6188, 1.14768, 8.09349
4.62535, 1.09956, 7.9946
4.63218, 1.05224, 7.89017
4.63932, 1.00575, 7.77991
4.64678, 0.960113, 7.66355
4.65461, 0.915364, 7.54079
4.66282, 0.871556, 7.41142
4.67144, 0.828764, 7.27525
4.6805, 0.78709, 7.13224
4.68999, 0.746665, 6.98253
4.69993, 0.707658, 6.82654
4.71029, 0.670266, 6.66499
4.72103, 0.634703, 6.49901
4.73208, 0.601175, 6.33005
4.74337, 0.569852, 6.15978
4.75481, 0.540837, 5.98992
4.7663, 0.514156, 5.82203
4.77778, 0.489756, 5.65742
4.78919, 0.467524, 5.49701
4.80048, 0.447304, 5.34141
4.81164, 0.42892, 5.19093
4.82264, 0.412193, 5.04565
4.83349, 0.396949, 4.90552
4.8442, 0.383028, 4.77037
4.85476, 0.370286, 4.63998
4.8652, 0.358594, 4.51412
4.87551, 0.347841, 4.39253
4.88572, 0.337929, 4.27498
4.89584, 0.328771, 4.16122
4.90586, 0.320295, 4.05106
4.91582, 0.312435, 3.94428
4.92571, 0.305136, 3.84072
4.93554, 0.298346, 3.74019
4.94531, 0.292024, 3.64256
4.95505, 0.286131, 3.54768
4.96475, 0.280633, 3.45542
4.97442, 0.275499, 3.36568
4.98406, 0.270704, 3.27833
4.99369, 0.266222, 3.19329
5.00329, 0.262033, 3.11045
5.01289, 0.258116, 3.02974
5.02248, 0.254456, 2.95108
5.03206, 0.251035, 2.87439
5.04165, 0.247841, 2.79961
5.05124, 0.244859, 2.72666
5.06083, 0.242078, 2.65549
5.07044, 0.239487, 2.58604
5.08006, 0.237077, 2.51825
5.08969, 0.234839, 2.45208
5.09935, 0.232764, 2.38748
5.10902, 0.230846, 2.32439
5.11872, 0.229077, 2.26278
5.12845, 0.227451, 2.2026
5.1382, 0.225964, 2.14382
5.14799, 0.224608, 2.08639
5.15781, 0.223381, 2.03027
5.16767, 0.222277, 1.97544
5.17757, 0.221293, 1.92186
5.18751, 0.220425, 1.8695
5.1975, 0.219671, 1.81832
5.20753, 0.219026, 1.76829
5.21761, 0.218489, 1.7194
5.22775, 0.218057, 1.6716
5.23794, 0.217729, 1.62487
5.24819, 0.217502, 1.57919
5.2585, 0.217375, 1.53452
5.26888, 0.217347, 1.49086
5.27932, 0.217417, 1.44817
5.28984, 0.217584, 1.40642
5.30042, 0.217847, 1.36561
5.31108, 0.218207, 1.3257
5.32183, 0.218662, 1.28668
5.33265, 0.219214, 1.24852
5.34357, 0.219862, 1.21121
5.35457, 0.220606, 1.17473
5.36567, 0.221449, 1.13906
5.37686, 0.222389, 1.10418
5.38816, 0.22343, 1.07008
5.39957, 0.224571, 1.03673
5.41109, 0.225816, 1.00412
5.42272, 0.227165, 0.972243
5.43448, 0.228622, 0.941073
5.44636, 0.230187, 0.910598
5.45838, 0.231866, 0.880804
5.47053, 0.233659, 0.851676
5.48283, 0.235572, 0.823202
5.49528, 0.237607, 0.795366
5.50789, 0.239769, 0.768157
5.52067, 0.242062, 0.741561
5.53361, 0.244492, 0.715567
5.54674, 0.247065, 0.690162
5.56006, 0.249786, 0.665335
5.57358, 0.252662, 0.641074
5.5873, 0.2557, 0.617368
5.60125, 0.258909, 0.594206
5.61542, 0.262298, 0.571579
5.62984, 0.265876, 0.549476
5.64452, 0.269653, 0.527887
5.65946, 0.273643, 0.506804
5.67469, 0.277856, 0.486216
5.69021, 0.282309, 0.466115
5.70606, 0.287017, 0.446494
5.72224, 0.291997, 0.427343
5.73877, 0.297268, 0.408656
5.75568, 0.302851, 0.390425
5.77299, 0.308771, 0.372644
5.79072, 0.315054, 0.355307
5.8089, 0.321728, 0.338409
5.82755, 0.328827, 0.321946
5.84671, 0.336385, 0.305913
5.86641, 0.344443, 0.290308
5.88667, 0.353046, 0.275129
5.90754, 0.362243, 0.260376
5.92905, 0.372087, 0.24605
5.95123, 0.382639, 0.232155
5.97411, 0.393964, 0.218694
5.99774, 0.406134, 0.205674
6.02213, 0.419224, 0.193104
6.04731, 0.433315, 0.180995
6.0733, 0.448492, 0.169358
6.10009, 0.46484, 0.15821
6.12769, 0.482443, 0.147564
6.15606, 0.501383, 0.137438
6.18516, 0.521731, 0.127847
6.21493, 0.543549, 0.118804
6.24527, 0.566884, 0.110317
6.2761, 0.591767, 0.102391
6.30731, 0.618212, 0.0950253
6.33878, 0.646217, 0.0882098
6.37039, 0.675769, 0.0819294
6.40203, 0.706842, 0.0761626
6.43362, 0.739407, 0.0708829
6.46505, 0.773431, 0.0660603
6.49627, 0.808885, 0.0616627
6.52721, 0.84574, 0.0576569
6.55784, 0.883975, 0.0540103
6.58812, 0.923573, 0.0506912
6.61803, 0.964527, 0.0476698
6.64757, 1.00683, 0.0449182
6.67673, 1.05049, 0.0424109
6.7055, 1.09551, 0.0401245
6.7339, 1.14191, 0.0380381
6.76194, 1.1897, 0.0361326
6.78962, 1.23891, 0.0343911
6.81695, 1.28956, 0.0327984
6.84394, 1.34167, 0.0313411
6.87061, 1.39528, 0.0300069
6.89698, 1.45043, 0.0287853
6.92304, 1.50714, 0.0276666
6.94882, 1.56544, 0.0266424
6.97432, 1.6254, 0.025705
6.99957, 1.68703, 0.0248479
7.02456, 1.75038, 0.024065
7.0493, 1.8155, 0.023351
7.07382, 1.88244, 0.0227012
7.09812, 1.95123, 0.0221116
7.1222, 2.02193, 0.0215784
7.14608, 2.09459, 0.0210984
7.16977, 2.16926, 0.0206689
7.19327, 2.24599, 0.0202875
7.21659, 2.32484, 0.0199521
7.23974, 2.40587, 0.0196609
7.26273, 2.48914, 0.0194126
7.28555, 2.57469, 0.0192061
7.30823, 2.66261, 0.0190405
7.33077, 2.75296, 0.0189153
7.35316, 2.84579, 0.0188302
7.37543, 2.94118, 0.0187853
7.39756, 3.03921, 0.0187809
7.41958, 3.13994, 0.0188176
7.44148, 3.24345, 0.0188964
7.46327, 3.34983, 0.0190185
7.48496, 3.45914, 0.0191856
7.50655, 3.57149, 0.0193998
7.52805, 3.68695, 0.0196634
7.54945, 3.80562, 0.0199794
7.57077, 3.92759, 0.0203514
7.59202, 4.05297, 0.0207833
7.61319, 4.18185, 0.02128
7.63429, 4.31435, 0.0218469
7.65532, 4.45057, 0.0224906
7.67631, 4.59064, 0.0232186
7.69723, 4.73469, 0.0240395
7.71812, 4.88283, 0.0249634
7.73896, 5.03522, 0.0260022
7.75978, 5.19201, 0.0271697
7.78056, 5.35334, 0.0284819
7.80134, 5.51939, 0.0299578
7.8221, 5.69035, 0.0316197
7.84287, 5.86641, 0.0334943
7.86365, 6.04779, 0.0356129
7.88446, 6.23473, 0.0380133
7.9053, 6.42749, 0.0407412
7.92621, 6.62636, 0.0438516
7.94719, 6.83169, 0.0474121
7.96828, 7.04385, 0.0515061
7.98949, 7.26329, 0.0562374
8.01087, 7.49051, 0.0617371
8.03245, 7.72613, 0.0681724
8.05429, 7.97088, 0.0757602
8.07644, 8.22564, 0.0847868
8.099, 8.4915, 0.095637
8.12207, 8.7698, 0.10884
8.14577, 9.06216, 0.125141
8.17027, 9.37047, 0.145611
8.19575, 9.69647, 0.171806
8.22229, 10.0403, 0.205908
8.24966, 10.3967, 0.250506
8.27511, 10.7263, 0.303258
8.29576, 10.9892, 0.356391
8.31285, 11.2015, 0.409084
8.32812, 11.3852, 0.464155
8.34159, 11.5411, 0.520057
8.35354, 11.6733, 0.576256
8.36426, 11.7861, 0.632693
8.37399, 11.883, 0.689471
8.3834, 11.9707, 0.749778
8.39185, 12.0439, 0.809012
8.4, 12.109, 0.871086
8.40779, 12.1655, 0.93529
8.41482, 12.2113, 0.997673
8.42163, 12.2506, 1.06233
8.42818, 12.2832, 1.12878
8.43446, 12.3093, 1.19668
8.44049, 12.3293, 1.2658
8.44628, 12.3436, 1.33601
8.45183, 12.3525, 1.40722
8.45718, 12.3563, 1.47938
8.46234, 12.3553, 1.55248
8.46732, 12.3499, 1.62652
8.47214, 12.3402, 1.70149
8.47682, 12.3264, 1.77742
8.48137, 12.3087, 1.85431
8.48579, 12.2874, 1.93219
8.49011, 12.2624, 2.01109
8.49432, 12.234, 2.09101
8.49844, 12.2022, 2.17199
8.50248, 12.1672, 2.25404
8.50644, 12.1289, 2.3372
8.51033, 12.0876, 2.42149
8.51416, 12.0431, 2.50693
8.51792, 11.9956, 2.59356
8.52164, 11.945, 2.6814
8.5253, 11.8915, 2.77049
8.52892, 11.835, 2.86086
8.53251, 11.7755, 2.95255
8.53606, 11.7131, 3.0456
8.53957, 11.6476, 3.14005
8.54307, 11.5792, 3.23596
8.54654, 11.5077, 3.33337
8.54999, 11.4331, 3.43234
8.55343, 11.3553, 3.53295
8.55687, 11.2744, 3.63525
8.5603, 11.1902, 3.73932
8.56372, 11.1026, 3.84526
8.56716, 11.0115, 3.95316
8.5706, 10.9167, 4.06312
8.57406, 10.8182, 4.17527
8.57755, 10.7158, 4.28975
8.58106, 10.6092, 4.40671
8.5846, 10.4982, 4.52632
8.58819, 10.3826, 4.6488
8.59183, 10.2619, 4.77437
8.59553, 10.1359, 4.9033
8.59931, 10.004, 5.0359
8.60317, 9.86579, 5.17255
8.60713, 9.72056, 5.31367
8.61121, 9.56754, 5.45978
8.61543, 9.40582, 5.61147
8.61982, 9.23429, 5.76943
8.62441, 9.05163, 5.93446
8.62924, 8.85637, 6.10738
8.63433, 8.64702, 6.28891
8.63971, 8.42247, 6.47925
8.64539, 8.18305, 6.67734
8.6513, 7.93187, 6.8798
8.65729, 7.6756, 7.08073
8.66319, 7.42273, 7.27336
8.66852, 7.19428, 7.44251
8.67367, 6.97478, 7.60058
8.67829, 6.77864, 7.73802
8.68275, 6.59056, 7.86636
8.68703, 6.41168, 7.98517
8.69113, 6.24202, 8.09484
8.69507, 6.081, 8.1961
8.69885, 5.92783, 8.28978
8.7025, 5.78167, 8.37668
8.70604, 5.64172, 8.45752
8.70949, 5.5073, 8.53291
8.71286, 5.37778, 8.60336
8.71616, 5.25267, 8.66931
8.7194, 5.1315, 8.73111
8.72259, 5.01393, 8.78907
8.72574, 4.89963, 8.84343
8.72886, 4.78833, 8.89442
8.73195, 4.67981, 8.9422
8.73502, 4.57387, 8.98692
8.73807, 4.47033, 9.02873
8.7411, 4.36905, 9.06772
8.74413, 4.2699, 9.10399
8.74715, 4.17275, 9.13762
8.75017, 4.07751, 9.16868
8.75318, 3.98407, 9.19722
8.7562, 3.89237, 9.22331
8.75923, 3.80232, 9.24698
8.76226, 3.71385, 9.26826
8.76531, 3.62691, 9.2872
8.76837, 3.54144, 9.3038
8.77144, 3.45738, 9.31808
8.77454, 3.3747, 9.33007
8.77765, 3.29334, 9.33977
8.78079, 3.21327, 9.34719
8.78395, 3.13444, 9.35231
8.78715, 3.05684, 9.35516
8.79037, 2.98041, 9.3557
8.79363, 2.90515, 9.35395
8.79692, 2.83101, 9.34987
8.80025, 2.75797, 9.34345
8.80362, 2.68602, 9.33468
8.80704, 2.61512, 9.32352
8.8105, 2.54525, 9.30996
8.81402, 2.4764, 9.29395
8.81759, 2.40856, 9.27545
8.82121, 2.34169, 9.25444
8.8249, 2.27579, 9.23086
8.82865, 2.21084, 9.20467
8.83247, 2.14682, 9.17581
8.83637, 2.08373, 9.14423
8.84034, 2.02154, 9.10986
8.8444, 1.96026, 9.07262
8.84854, 1.89985, 9.03246
8.85278, 1.84033, 8.98928
8.85712, 1.78167, 8.94299
8.86157, 1.72386, 8.8935
8.86613, 1.6669, 8.8407
8.87081, 1.61077, 8.78447
8.87563, 1.55548, 8.7247
8.88059, 1.501, 8.66125
8.8857, 1.44734, 8.59396
8.89097, 1.39448, 8.52268
8.89642, 1.34243, 8.44723
8.90205, 1.29118, 8.36742
8.9079, 1.24072, 8.28303
8.91396, 1.19106, 8.19386
8.92027, 1.14219, 8.09964
8.92683, 1.09412, 8.00012
8.93368, 1.04687, 7.89503
8.94084, 1.00045, 7.78407
8.94833, 0.954881, 7.66696
8.95619, 0.910206, 7.54344
8.96443, 0.86648, 7.41325
8.97308, 0.823778, 7.27624
8.98217, 0.782204, 7.13238
8.9917, 0.741895, 6.98183
9.00167, 0.703022, 6.82502
9.01206, 0.665784, 6.66273
9.02282, 0.630396, 6.49612
9.03389, 0.597063, 6.32666
9.04519, 0.565949, 6.15605
9.05663, 0.537151, 5.986
9.06812, 0.510687, 5.81807
9.07959, 0.486498, 5.65352
9.09098, 0.464465, 5.49325
9.10225, 0.44443, 5.33784
9.11338, 0.426215, 5.18759
9.12437, 0.40964, 5.04254
9.1352, 0.394533, 4.90264
9.14588, 0.380735, 4.76772
9.15642, 0.368103, 4.63754
9.16684, 0.35651, 4.51188
9.17714, 0.345846, 4.39047
9.18733, 0.336014, 4.27308
9.19743, 0.326928, 4.15947
9.20744, 0.318518, 4.04945
9.21738, 0.310717, 3.9428
9.22725, 0.303472, 3.83935
9.23707, 0.296732, 3.73893
9.24684, 0.290455, 3.64139
9.25656, 0.284604, 3.5466
9.26625, 0.279144, 3.45442
9.27591, 0.274045, 3.36475
9.28554, 0.269282, 3.27747
9.29516, 0.26483, 3.19249
9.30476, 0.260669, 3.10971
9.31434, 0.256778, 3.02905
9.32392, 0.253142, 2.95044
9.3335, 0.249743, 2.8738
9.34308, 0.246569, 2.79905
9.35266, 0.243606, 2.72614
9.36225, 0.240842, 2.65501
9.37185, 0.238268, 2.58559
9.38146, 0.235873, 2.51784
9.39109, 0.233648, 2.4517
9.40073, 0.231586, 2.38712
9.4104, 0.22968, 2.32406
9.42009, 0.227922, 2.26247
9.42981, 0.226306, 2.20231
9.43956, 0.224828, 2.14355
9.44934, 0.223481, 2.08614
9.45916, 0.222261, 2.03004
9.46901, 0.221164, 1.97523
9.47891, 0.220185, 1.92167
9.48884, 0.219323, 1.86932
9.49882, 0.218573, 1.81815
9.50885, 0.217932, 1.76814
9.51893, 0.217398, 1.71925
9.52906, 0.216969, 1.67146
9.53925, 0.216643, 1.62475
9.54949, 0.216417, 1.57908
9.5598, 0.216292, 1.53442
9.57017, 0.216264, 1.49077
9.5806, 0.216334, 1.44808
9.59111, 0.2165, 1.40635
9.60169, 0.216762, 1.36554
9.61235, 0.21712, 1.32564
9.62309, 0.217573, 1.28662
9.63391, 0.218121, 1.24848
9.64481, 0.218766, 1.21117
9.65581, 0.219506, 1.1747
9.6669, 0.220344, 1.13903
9.67809, 0.22128, 1.10416
9.68939, 0.222315, 1.07006
9.70079, 0.22345, 1.03671
9.7123, 0.224688, 1.00411
9.72393, 0.22603, 0.972236
9.73568, 0.227478, 0.94107
9.74756, 0.229035, 0.910599
9.75957, 0.230704, 0.880809
9.77171, 0.232487, 0.851685
9.78401, 0.234389, 0.823213
9.79645, 0.236413, 0.795381
9.80905, 0.238563, 0.768175
9.82182, 0.240843, 0.741583
9.83476, 0.24326, 0.715591
9.84788, 0.245818, 0.690189
9.86119, 0.248523, 0.665365
9.87469, 0.251382, 0.641106
9.88841, 0.254403, 0.617403
9.90235, 0.257594, 0.594244
9.91651, 0.260963, 0.57162
9.93092, 0.26452, 0.549519
9.94559, 0.268276, 0.527933
9.96052, 0.272241, 0.506851
9.97574, 0.276431, 0.486266
9.99125, 0.280857, 0.466168
10, 0.283422, 0.455217
