0, 0
0.0148727, 0.0148396
0.029022, 0.0288746
0.0427581, 0.0424043
0.0562645, 0.055599
0.0696537, 0.0685565
0.0829964, 0.081332
0.0963389, 0.0939551
0.109712, 0.10644
0.123139, 0.11879
0.136637, 0.131005
0.150218, 0.143079
0.163896, 0.155003
0.177682, 0.166767
0.191586, 0.178359
0.20562, 0.189768
0.219795, 0.200979
0.234122, 0.211977
0.248615, 0.222748
0.263287, 0.233274
0.278153, 0.243537
0.293227, 0.253517
0.308527, 0.263193
0.32407, 0.272542
0.339875, 0.281538
0.355963, 0.290153
0.372355, 0.298356
0.389073, 0.306113
0.406138, 0.313384
0.423572, 0.320126
0.441393, 0.326291
0.459614, 0.331824
0.478237, 0.336669
0.497254, 0.340762
0.516636, 0.344041
0.536331, 0.346447
0.556264, 0.347931
0.576332, 0.34846
0.596422, 0.348025
0.616415, 0.346641
0.636204, 0.344344
0.655699, 0.341193
0.674839, 0.337252
0.693586, 0.332594
0.711925, 0.327287
0.729857, 0.321395
0.747395, 0.314978
0.764559, 0.308085
0.781375, 0.300761
0.797869, 0.293045
0.814067, 0.28497
0.829995, 0.276566
0.845676, 0.267858
0.861133, 0.25887
0.876385, 0.249622
0.891452, 0.240134
0.906351, 0.230423
0.921097, 0.220506
0.935704, 0.210398
0.950185, 0.200113
0.964552, 0.189665
0.978817, 0.179068
0.992989, 0.168333
1.00708, 0.157472
1.0211, 0.146498
1.03505, 0.135421
1.04894, 0.124253
1.06279, 0.113004
1.07659, 0.101685
1.09036, 0.0903047
1.10411, 0.0788745
1.11783, 0.0674039
1.13154, 0.0559025
1.14525, 0.0443801
1.15896, 0.0328461
1.17267, 0.0213102
1.1864, 0.0097817
1.20015, -0.00172983
1.21393, -0.0132149
1.22774, -0.0246639
1.24159, -0.0360672
1.25549, -0.0474151
1.26946, -0.0586976
1.28348, -0.0699047
1.29758, -0.081026
1.31176, -0.0920511
1.32603, -0.102969
1.3404, -0.113768
1.35489, -0.124438
1.36949, -0.134966
1.38422, -0.145339
1.3991, -0.155544
1.41414, -0.165567
1.42935, -0.175394
1.44474, -0.185008
1.46034, -0.194394
1.47616, -0.203532
1.49221, -0.212403
1.50853, -0.220986
1.52514, -0.229257
1.54205, -0.23719
1.5593, -0.244756
1.57691, -0.251921
1.59492, -0.25865
1.61336, -0.264899
1.63225, -0.270623
1.65162, -0.275765
1.67148, -0.280268
1.69184, -0.284064
1.71267, -0.287085
1.73393, -0.289263
1.75551, -0.29054
1.7773, -0.290875
1.79915, -0.290255
1.82089, -0.288695
1.84237, -0.28624
1.86348, -0.282957
1.88413, -0.278924
1.90429, -0.27422
1.92395, -0.268923
1.9431, -0.2631
1.96177, -0.256813
1.98001, -0.250113
1.99783, -0.243042
2.01528, -0.235637
2.0324, -0.22793
2.04922, -0.219947
2.06576, -0.211712
2.08206, -0.203246
2.09814, -0.194567
2.11402, -0.185692
2.12973, -0.176638
2.14527, -0.167418
2.16068, -0.158046
2.17596, -0.148536
2.19113, -0.138899
2.20621, -0.129148
2.22119, -0.119294
2.2361, -0.109348
2.25095, -0.0993201
2.26574, -0.0892217
2.28048, -0.0790628
2.2952, -0.0688535
2.30988, -0.0586036
2.32455, -0.048323
2.3392, -0.0380213
2.35386, -0.0277082
2.36853, -0.0173934
2.38321, -0.00708625
2.39791, 0.00320349
2.41265, 0.0134662
2.42744, 0.0236922
2.44227, 0.0338715
2.45716, 0.0439944
2.47212, 0.0540505
2.48717, 0.0640295
2.5023, 0.0739209
2.51753, 0.0837136
2.53288, 0.0933964
2.54835, 0.102958
2.56396, 0.112385
2.57972, 0.121666
2.59564, 0.130786
2.61175, 0.139733
2.62807, 0.14849
2.6446, 0.157041
2.66137, 0.165369
2.67842, 0.173454
2.69575, 0.181277
2.7134, 0.188813
2.7314, 0.196037
2.74979, 0.20292
2.7686, 0.209429
2.78787, 0.215528
2.80765, 0.221172
2.82797, 0.226313
2.84887, 0.230893
2.87037, 0.234847
2.89249, 0.238104
2.9152, 0.240587
2.93843, 0.242221
2.96205, 0.242945
2.98588, 0.24272
3.00971, 0.241544
3.03333, 0.239451
3.05657, 0.236505
3.07928, 0.232792
3.10139, 0.228402
3.12287, 0.223425
3.14374, 0.217939
3.16401, 0.212011
3.18373, 0.205698
3.20296, 0.199046
3.22174, 0.192094
3.24011, 0.184873
3.25813, 0.177411
3.27583, 0.169729
3.29325, 0.161848
3.31042, 0.153787
3.32737, 0.14556
3.34413, 0.137182
3.36071, 0.128668
3.37714, 0.12003
3.39344, 0.111281
3.40962, 0.102431
3.42571, 0.0934932
3.44171, 0.0844774
3.45764, 0.0753945
3.47351, 0.0662548
3.48934, 0.0570684
3.50513, 0.0478455
3.5209, 0.0385959
3.53666, 0.0293293
3.55242, 0.0200556
3.56819, 0.0107846
3.58398, 0.00152588
3.59981, -0.00771065
3.61567, -0.0169151
3.6316, -0.0260776
3.64759, -0.0351878
3.66366, -0.0442355
3.67981, -0.05321
3.69608, -0.0621006
3.71246, -0.0708959
3.72897, -0.0795843
3.74563, -0.0881537
3.76246, -0.0965915
3.77947, -0.104884
3.79669, -0.113017
3.81413, -0.120976
3.83182, -0.128745
3.84978, -0.136304
3.86805, -0.143636
3.88665, -0.15072
3.90563, -0.15753
3.92502, -0.164041
3.94487, -0.170223
3.96523, -0.17604
3.98614, -0.181452
4.00767, -0.186412
4.02987, -0.190865
4.0528, -0.194746
4.07647, -0.197982
4.1009, -0.200489
4.12602, -0.202184
4.15172, -0.202989
4.17778, -0.202849
4.20393, -0.20175
4.22988, -0.199723
4.25539, -0.196836
4.28026, -0.193187
4.3044, -0.188878
4.32777, -0.184009
4.35038, -0.178667
4.37228, -0.172923
4.39352, -0.166837
4.41417, -0.160454
4.4343, -0.153812
4.45398, -0.146942
4.47324, -0.139868
4.49216, -0.132612
4.51076, -0.125193
4.5291, -0.117627
4.5472, -0.109929
4.56509, -0.102111
4.58281, -0.094188
4.60038, -0.0861706
4.61781, -0.0780708
4.63514, -0.0698995
4.65237, -0.0616677
4.66954, -0.0533858
4.68664, -0.045064
4.70371, -0.0367127
4.72075, -0.0283417
4.73778, -0.0199612
4.75482, -0.0115811
4.77187, -0.00321136
4.78895, 0.00513794
4.80608, 0.0134567
4.82328, 0.0217345
4.84055, 0.0299611
4.85791, 0.0381257
4.87538, 0.0462172
4.89297, 0.0542245
4.91071, 0.0621357
4.92861, 0.0699384
4.9467, 0.07762
4.96499, 0.0851667
4.98351, 0.092564
5.00229, 0.0997965
5.02136, 0.106847
5.04075, 0.113698
5.0605, 0.120328
5.08065, 0.126716
5.10125, 0.132836
5.12235, 0.138658
5.14401, 0.14415
5.1663, 0.149273
5.18929, 0.15398
5.21305, 0.158217
5.23767, 0.161918
5.26319, 0.165008
5.28964, 0.167397
5.31699, 0.168991
5.3451, 0.169701
5.3737, 0.169461
5.40246, 0.168251
5.43098, 0.166107
5.45894, 0.163111
5.48611, 0.159375
5.51236, 0.155018
5.53766, 0.150148
5.56205, 0.144855
5.5856, 0.139213
5.60839, 0.133279
5.63051, 0.127097
5.65204, 0.120701
5.67307, 0.11412
5.69366, 0.107375
5.71387, 0.100487
5.73376, 0.0934703
5.75336, 0.0863412
5.77273, 0.0791127
5.79189, 0.0717972
5.81089, 0.0644068
5.82974, 0.0569527
5.84848, 0.0494459
5.86712, 0.0418972
5.8857, 0.034317
5.90423, 0.0267158
5.92273, 0.0191039
5.94123, 0.0114915
5.95973, 0.00388889
5.97827, -0.00369346
5.99686, -0.0112451
6.01552, -0.0187553
6.03426, -0.0262133
6.05312, -0.0336077
6.0721, -0.0409271
6.09125, -0.0481595
6.11057, -0.0552923
6.13009, -0.0623123
6.14985, -0.0692055
6.16987, -0.0759569
6.19019, -0.0825504
6.21084, -0.0889684
6.23188, -0.0951914
6.25334, -0.101198
6.27529, -0.106964
6.29778, -0.112461
6.32089, -0.117658
6.3447, -0.122516
6.3693, -0.126991
6.39478, -0.131028
6.42125, -0.134562
6.44881, -0.137514
6.4775, -0.13979
6.50733, -0.141286
6.53814, -0.141899
6.56962, -0.141553
6.60132, -0.140221
6.63273, -0.137947
6.66342, -0.13483
6.69311, -0.131002
6.72167, -0.126595
6.74907, -0.121724
6.77539, -0.116484
6.80073, -0.110948
6.82521, -0.105169
6.84893, -0.0991887
6.87201, -0.093038
6.89454, -0.0867415
6.91661, -0.0803191
6.93828, -0.0737878
6.95961, -0.0671624
6.98066, -0.0604561
7.00149, -0.0536815
7.02212, -0.0468503
7.0426, -0.0399738
7.06296, -0.033063
7.08323, -0.0261287
7.10344, -0.0191817
7.12363, -0.0122325
7.14381, -0.00529185
7.16401, 0.00162944
7.18426, 0.00852046
7.20458, 0.0153701
7.225, 0.0221669
7.24555, 0.0288991
7.26626, 0.0355545
7.28716, 0.0421203
7.30827, 0.0485829
7.32964, 0.054928
7.3513, 0.0611402
7.3733, 0.0672028
7.39569, 0.0730976
7.41851, 0.0788043
7.44183, 0.0843001
7.46573, 0.089559
7.49028, 0.0945512
7.51558, 0.0992413
7.54173, 0.103587
7.56885, 0.107538
7.59709, 0.111031
7.62658, 0.113988
7.65742, 0.116315
7.68968, 0.117902
7.72324, 0.118629
7.7578, 0.118399
7.79281, 0.117164
7.82759, 0.11496
7.86156, 0.111895
7.89433, 0.108116
7.92571, 0.103774
7.95569, 0.0989969
7.98438, 0.0938868
8.01191, 0.0885183
8.03843, 0.0829456
8.06409, 0.0772083
8.08903, 0.0713356
8.11336, 0.0653502
8.13718, 0.0592701
8.16058, 0.053111
8.18364, 0.0468863
8.20641, 0.0406088
8.22896, 0.0342901
8.25134, 0.0279419
8.2736, 0.0215751
8.29576, 0.0152011
8.31788, 0.0088307
8.33999, 0.00247522
8.36212, -0.00385405
8.38432, -0.0101455
8.40661, -0.0163874
8.42904, -0.0225672
8.45164, -0.0286722
8.47445, -0.0346888
8.49751, -0.0406028
8.52088, -0.0463986
8.5446, -0.0520597
8.56873, -0.0575677
8.59333, -0.0629024
8.61849, -0.068041
8.64428, -0.0729573
8.6708, -0.0776208
8.69817, -0.0819957
8.72653, -0.0860383
8.75602, -0.0896954
8.78684, -0.0929003
8.81915, -0.095569
8.85312, -0.0975972
8.88882, -0.0988607
8.9261, -0.099229
8.96449, -0.0986
9.00321, -0.0969473
9.04141, -0.0943437
9.07839, -0.0909377
9.11377, -0.0869029
9.14744, -0.0823977
9.1795, -0.0775472
9.21009, -0.0724428
9.23942, -0.0671486
9.26769, -0.0617092
9.29507, -0.0561561
9.32172, -0.0505127
9.34778, -0.0447973
9.37335, -0.0390249
9.39853, -0.0332089
9.42341, -0.0273617
9.44806, -0.0214949
9.47255, -0.0156202
9.49693, -0.00974893
9.52125, -0.00389272
9.54558, 0.00193664
9.56995, 0.00772705
9.59442, 0.013466
9.61904, 0.0191404
9.64386, 0.0247364
9.66893, 0.0302395
9.69431, 0.0356339
9.72008, 0.0409026
9.74628, 0.0460267
9.77302, 0.0509853
9.80038, 0.0557547
9.82846, 0.0603073
9.8574, 0.0646111
9.88734, 0.0686273
9.91845, 0.0723086
9.95094, 0.0755957
9.98505, 0.0784131
10, 0.0794381
